Relative Time	Peak at 829 cm-1	Peak at 1204 cm-1	Peak at 1704 cm-1	Peak at 1753 cm-1
00:00:11	0.00597757	-0.00357567	0.0149419	0.0251765
00:00:26	0.00010242	-0.00182116	0.0101287	0.0427563
00:00:41	-0.00200385	-0.00498105	0.0133826	0.0442205
00:00:56	0.00522249	-0.00471835	0.0176154	0.0454322
00:01:11	-0.00126442	-0.00655771	0.0124033	0.017622
00:01:26	0.00343318	0.00191381	0.0112384	0.0253867
00:01:41	-0.00329847	-0.00169954	0.0171174	0.0372538
00:01:56	-0.00367218	-0.00422231	0.0132661	0.0322471
00:02:11	1.41991e-06	-0.00485249	0.0211859	0.0155927
00:02:25	-0.00199928	0.000466882	0.00996348	0.0200485
00:02:41	-0.00364573	-0.000546887	0.00954295	0.0146847
00:02:56	-0.0043412	-0.00561443	0.0112047	0.0349326
00:03:11	-0.000372375	-0.00341033	0.0157223	0.0330765
00:03:26	0.00413379	-0.000333557	0.0184512	0.0287256
00:03:41	-0.00483292	-0.00706077	0.0149945	0.0247777
00:03:56	0.00140197	-0.00489602	0.00928368	0.0498365
00:04:11	-0.00144438	-0.0104263	0.0139174	0.0421422
00:04:26	0.000167022	-0.00291965	0.00751894	0.023692
00:04:41	0.00034486	-0.00186747	0.0186402	0.0331547
00:04:56	0.00632425	0.000452181	0.0149523	0.0324135
00:05:11	-0.000483101	-0.00347802	0.00915984	0.0235645
00:05:26	-0.00247313	-0.00473307	0.0250891	0.0346951
00:05:41	3.89454e-05	-0.00318404	0.0188978	0.0358364
00:05:56	0.00662955	-0.00541143	0.0171105	0.0244577
00:06:11	0.00337908	-0.00216333	0.00306198	0.028644
00:06:26	-0.00219769	-0.00672252	0.0133951	0.0396148
00:06:41	-0.00157607	-0.00116567	0.0211242	0.015442
00:06:56	-0.0116252	-0.00610448	0.0139838	0.0332211
00:07:11	-0.000742066	-0.00434622	0.0074774	0.0383482
00:07:25	-0.00402659	-0.00735163	0.0243671	0.0501978
00:07:41	-0.00682	-0.00431421	0.00965022	0.0421696
00:07:56	-0.0023014	-0.00756867	0.023077	0.0400071
00:08:11	-0.000206352	-0.00349218	0.012543	0.0335073
00:08:26	0.000568946	-0.00599387	0.0149174	0.0387152
00:08:41	0.0039572	-0.00546507	0.0229182	0.0415727
00:08:56	0.00195377	-0.00211534	0.0147682	0.0642139
00:09:11	0.00768083	0.148285	0.0293086	0.18388
00:09:26	0.0498999	1.07898	0.246902	0.912836
00:09:41	0.160085	2.45279	0.682161	1.95365
00:09:56	0.173976	2.35619	0.760409	1.83171
00:10:11	0.100046	1.19055	0.437834	0.959453
00:10:26	0.0464116	0.487732	0.189327	0.418289
00:10:41	0.0141887	0.1931	0.0842532	0.163492
00:10:56	0.00450236	0.0618752	0.0362975	0.0998747
00:11:11	0.00351993	0.0133796	0.0109862	0.078565
00:11:26	-0.000702814	-0.00322484	0.0146499	0.0625558
00:11:41	-0.00114959	-0.00533589	0.0189224	0.0495508
00:11:56	0.00121675	-0.00780031	0.0150945	0.0306303
00:12:11	-0.00283948	-0.00704835	0.0139342	0.0450015
00:12:26	0.00365289	-0.0133047	0.0141145	0.0361979
00:12:41	0.00245172	-0.00342606	0.0123231	0.0541988
00:12:56	-0.0088938	-0.00819808	0.0225593	0.0522183
00:13:11	0.00114389	-0.0121455	0.0188962	0.0462465
00:13:26	-0.000718997	-0.0055481	0.0185125	0.063435
00:13:41	0.00157812	-0.00710763	0.022093	0.0372843
00:13:56	-0.00470536	-0.00380321	0.0266133	0.0423857
00:14:11	-0.0042514	-0.0108162	0.0265209	0.0417324
00:14:26	-0.000942124	-0.011197	0.0181021	0.0282805
00:14:41	0.00504031	-0.00701561	0.0171514	0.042513
00:14:55	0.000158608	-0.00913582	0.0167587	0.0461343
00:15:11	0.000477428	-0.00457985	0.0186477	0.043052
00:15:26	0.00408256	0.0484852	0.0219849	0.106215
00:15:41	0.0277516	0.544134	0.0783907	0.496267
00:15:56	0.10265	1.79683	0.334845	1.48887
00:16:11	0.160903	2.32149	0.558805	1.82649
00:16:26	0.124302	1.49414	0.44287	1.16101
00:16:41	0.0505087	0.677909	0.209681	0.559569
00:16:56	0.0232569	0.308012	0.103721	0.285586
00:17:11	0.00883748	0.12595	0.0472546	0.146137
00:17:26	-0.000994581	0.0439721	0.0312475	0.0845575
00:17:41	0.00469558	0.00938712	0.0190166	0.0617768
00:17:56	0.000956498	-0.00121751	0.0134512	0.0646686
00:18:11	-0.0010295	-0.00580685	0.0162695	0.0646276
00:18:26	0.00242267	-0.00555941	0.0167257	0.0375633
00:18:41	-0.00354651	-0.00637609	0.0116159	0.0575467
00:18:56	0.00445214	-0.00641362	0.0127393	0.0550283
00:19:11	0.0048836	-0.00389179	0.0193332	0.065069
00:19:26	-5.9958e-05	-0.00929944	0.0072194	0.0669339
00:19:41	0.00421425	-0.0122548	0.00905631	0.0446441
00:19:56	0.00684865	-0.00968851	0.0144776	0.0745036
00:20:11	0.00110341	-0.00921908	0.0138959	0.0652668
00:20:26	0.000854082	-0.00916101	0.0105218	0.0663871
00:20:40	-0.00163314	-0.013598	0.0216716	0.0591112
00:20:56	-0.0092656	-0.0121795	0.0133902	0.0602472
00:21:11	-0.000289321	-0.0120233	0.0168873	0.0579343
00:21:26	0.0043623	-0.0076573	0.0186989	0.0626449
00:21:41	0.00282723	0.110383	0.0184171	0.158341
00:21:56	0.0379923	0.792623	0.0976143	0.686531
00:22:11	0.11414	1.9807	0.382115	1.59761
00:22:26	0.143723	2.04447	0.507281	1.63668
00:22:41	0.0868761	1.11334	0.320239	0.9259
00:22:56	0.0343192	0.470926	0.146935	0.402873
00:23:11	0.00847397	0.187626	0.0662556	0.222277
00:23:26	0.00798759	0.0620021	0.0293518	0.103432
00:23:41	0.00691051	0.016496	0.0152875	0.0708388
00:23:56	-0.00234621	-0.00229837	0.0151806	0.0721951
00:24:11	-0.00153074	-0.00594582	0.0127375	0.0646058
00:24:26	-0.0019449	-0.0102933	0.00865184	0.058868
00:24:41	-0.0032087	-0.0102869	0.0162851	0.0714256
00:24:56	0.000355126	-0.0107224	0.0146116	0.0383598
00:25:11	0.00466753	-0.00860344	0.0181184	0.0599439
00:25:26	-0.00238444	-0.0136587	0.0178027	0.0573632
00:25:41	0.00492574	-0.00617944	0.0146695	0.0664499
00:25:56	-0.00491376	-0.0130983	0.0175084	0.0695553
00:26:11	-0.00585776	-0.0119415	0.012738	0.0698396
00:26:26	0.000469012	-0.0123837	0.0242512	0.0616155
00:26:41	-0.000404759	-0.00869582	0.0197959	0.0631467
00:26:56	0.00210343	-0.0096874	0.0136987	0.0721178
00:27:11	0.00157298	-0.00545579	0.0140182	0.0675496
00:27:26	-0.0015164	-0.00977168	0.0153828	0.079643
00:27:41	-0.0030738	0.0192441	0.0158109	0.0934279
00:27:56	0.0146438	0.303215	0.0341786	0.32991
00:28:11	0.0688473	1.29421	0.194095	1.11136
00:28:26	0.128975	2.04722	0.418993	1.67581
00:28:41	0.117674	1.54718	0.389026	1.23562
00:28:56	0.0569086	0.691954	0.197004	0.5794
00:29:11	0.0228532	0.266431	0.088181	0.290625
00:29:26	-0.00116163	0.0946847	0.0419286	0.140101
00:29:41	0.000348227	0.0300469	0.0187294	0.0836675
00:29:56	-0.000452934	-0.00112627	0.0209125	0.0934381
00:30:11	-0.00644756	-0.00782579	0.023443	0.0709686
00:30:26	-0.00676888	-0.00718246	0.0216665	0.0609341
00:30:41	0.000530312	-0.0115169	0.0154385	0.0816106
00:30:56	0.00152393	-0.0145957	0.0176604	0.077775
00:31:11	0.00404603	-0.0105139	0.0214308	0.0675877
00:31:26	-0.00738775	-0.0111804	0.0177162	0.0716184
00:31:41	0.00317059	-0.0119221	0.0224595	0.0510826
00:31:56	-9.1619e-05	-0.0119958	0.0154028	0.0741635
00:32:11	-0.000724934	-0.0141369	0.0232552	0.0712548
00:32:26	0.000331187	-0.0115574	0.0208943	0.0820947
00:32:41	-0.00125739	-0.0105614	0.0174929	0.0445304
00:32:56	0.000710085	-0.00586613	0.0207621	0.0626874
00:33:11	-0.000534465	-0.0132132	0.0174425	0.0842706
00:33:26	-0.00271916	-0.011578	0.0148127	0.0726044
00:33:41	-0.000971149	-0.0121008	0.0213273	0.0790498
00:33:56	0.000796282	0.00489292	0.0222968	0.096499
00:34:11	0.00902405	0.220208	0.0291522	0.254213
00:34:26	0.0445665	1.0502	0.14559	0.933054
00:34:41	0.107349	1.8669	0.343665	1.55327
00:34:56	0.100343	1.55617	0.346812	1.2733
00:35:11	0.0491492	0.71858	0.198077	0.628064
00:35:26	0.0210145	0.26442	0.0825824	0.280326
00:35:41	0.00994167	0.0857558	0.0350089	0.158901
00:35:56	-0.00307074	0.0213472	0.027908	0.0944413
00:36:11	-0.00145086	0.00121326	0.0185148	0.0728307
00:36:26	-0.00285914	-0.00855085	0.0189067	0.067583
00:36:40	-0.00267386	-0.00665415	0.015203	0.0695333
00:36:56	0.00133877	-0.0118227	0.0223515	0.0621374
00:37:11	-0.00155906	-0.0145613	0.0172946	0.0821265
00:37:26	0.000715855	-0.0136658	0.0278038	0.0750852
00:37:41	0.00299001	-0.0120374	0.0145348	0.0745623
00:37:56	-0.00172711	-0.0112987	0.0209912	0.0753016
00:38:11	0.00306594	-0.00794715	0.020309	0.0493015
00:38:26	-0.00247546	-0.0151819	0.0231028	0.0861691
00:38:41	-2.13977e-05	-0.0112611	0.0195367	0.0594596
00:38:56	-0.00248248	-0.00822929	0.0242795	0.0876852
00:39:11	-0.000164377	-0.0125031	0.0206387	0.0620028
00:39:26	-0.00500748	-0.0161221	0.0170188	0.075775
00:39:41	-0.000618971	-0.00891149	0.011545	0.0640397
00:39:56	-0.00236037	-0.0120535	0.0133048	0.0839536
00:40:11	-0.00241664	-0.00954866	0.0285102	0.0833174
00:40:26	-0.00328376	0.0190985	0.0201094	0.10106
00:40:41	0.010688	0.320674	0.0396474	0.348302
00:40:56	0.0476165	1.19287	0.161613	1.06664
00:41:11	0.0967939	1.74214	0.307894	1.45468
00:41:26	0.0769292	1.25616	0.261158	1.08817
00:41:41	0.0391097	0.539864	0.14111	0.50572
00:41:56	0.00694425	0.189548	0.0575672	0.238585
00:42:11	0.00547483	0.0642205	0.0345266	0.137313
00:42:26	0.00427716	0.0140623	0.0274502	0.11368
00:42:41	-0.00198249	-0.00418218	0.020247	0.0959408
00:42:56	-0.00608358	-0.0132781	0.02551	0.0887725
00:43:11	-0.00163232	-0.0124252	0.0180695	0.0727747
00:43:26	-0.00189805	-0.0140834	0.0157089	0.0727881
00:43:41	-0.0056539	-0.00995709	0.0198401	0.0897251
00:43:56	-0.0026914	-0.00944583	0.0271385	0.0830856
00:44:11	0.00210144	-0.0148313	0.0264934	0.0814267
00:44:26	0.00233098	-0.0119651	0.0171542	0.0838333
00:44:41	-0.000268396	-0.0165112	0.0203759	0.05055
00:44:56	-0.00437192	-0.0108069	0.0295955	0.0840532
00:45:11	-0.006641	-0.0140367	0.0221394	0.0634582
00:45:26	0.00373157	-0.011648	0.0180011	0.06848
00:45:41	0.00273126	-0.0181746	0.0156292	0.0878868
00:45:56	0.00102199	-0.0106714	0.0276779	0.0803565
00:46:11	-0.00432886	-0.0192315	0.0231119	0.0746386
00:46:26	0.000426724	-0.00840077	0.0235722	0.0762009
00:46:41	-0.000665474	0.00190555	0.0186316	0.113049
00:46:56	0.00320628	0.193681	0.0306016	0.264106
00:47:10	0.0279078	0.833195	0.0871055	0.80797
00:47:26	0.0727928	1.57053	0.220918	1.36191
00:47:40	0.07275	1.3515	0.237466	1.15767
00:47:56	0.0299468	0.604023	0.131139	0.587313
00:48:11	0.00864938	0.212533	0.0550103	0.27799
00:48:26	-0.000258284	0.0607463	0.0430256	0.14223
00:48:41	-0.0018548	0.0138909	0.0227807	0.113062
00:48:56	-0.00286885	-0.000839934	0.0202229	0.0860574
00:49:11	-0.00233634	-0.0130109	0.0260617	0.0794325
00:49:26	0.000104333	-0.0103919	0.0215293	0.0972494
00:49:41	-0.00469658	-0.00851841	0.0228014	0.0912804
00:49:56	-0.00224163	-0.0108636	0.0173166	0.077318
00:50:11	-0.00018086	-0.016469	0.0207729	0.0768696
00:50:26	-0.00628518	-0.0137389	0.0169757	0.0882732
00:50:41	-0.00580706	-0.0147304	0.0155581	0.0731236
00:50:56	-0.00219378	-0.0156919	0.0162952	0.0794043
00:51:11	0.000258836	-0.0104122	0.0186461	0.0895237
00:51:26	-0.00370493	-0.016432	0.0156759	0.0766419
00:51:41	-0.00710606	-0.0138856	0.0243507	0.0865028
00:51:56	0.00108538	-0.015333	0.0159034	0.0791426
00:52:11	0.00149437	-0.0184712	0.0232621	0.0884918
00:52:26	0.00127084	-0.0148743	0.0207789	0.088917
00:52:41	0.00194324	-0.0156365	0.0328788	0.0742274
00:52:56	0.00296155	-0.000450056	0.0304487	0.0981824
00:53:11	-0.00167115	0.180854	0.0245883	0.27064
00:53:26	0.0206945	0.842067	0.069724	0.787849
00:53:41	0.0534291	1.43217	0.157144	1.26339
00:53:56	0.0529649	1.17584	0.170025	1.03662
00:54:11	0.0287995	0.518877	0.0947088	0.494104
00:54:26	0.00883506	0.184891	0.0548062	0.220911
00:54:40	0.00474354	0.0573272	0.0348586	0.129913
00:54:56	-0.00485723	0.00887983	0.0235653	0.0893883
00:55:11	-0.00219432	-0.00485071	0.0283948	0.098402
00:55:26	-0.00498989	-0.0118249	0.0227115	0.0712027
00:55:41	-0.00256341	-0.0149175	0.0217275	0.0645882
00:55:56	-0.00147347	-0.0140389	0.0187092	0.0769007
00:56:11	4.17685e-05	-0.0124964	0.027879	0.0707645
00:56:25	-0.0058883	-0.0124042	0.0218969	0.088938
00:56:41	0.000900165	-0.0151142	0.0287692	0.0747423
00:56:56	0.00350095	-0.0153167	0.0178165	0.0930101
00:57:11	-0.00807132	-0.0130446	0.0240378	0.0847532
00:57:26	-0.00173386	-0.0117299	0.0251429	0.0853622
00:57:41	-0.000733088	-0.00891127	0.0268298	0.0878881
00:57:56	-0.00157898	-0.0154029	0.0287603	0.093886
00:58:11	-0.00469977	-0.0156336	0.0231269	0.087247
00:58:26	0.00324416	-0.0147464	0.0238741	0.0825953
00:58:41	-0.000859703	-0.0148199	0.0262968	0.0747783
00:58:56	-0.000849663	-0.0120042	0.0227568	0.0945962
00:59:11	-0.00369087	0.00906634	0.0273647	0.104839
00:59:26	0.0009715	0.253718	0.0223685	0.315979
00:59:41	0.0192996	0.922918	0.0535724	0.893788
00:59:56	0.0338166	1.28666	0.109092	1.17343
01:00:11	0.0296782	0.933256	0.100416	0.863988
01:00:26	0.0110539	0.379736	0.0621138	0.411655
01:00:41	0.00186539	0.117417	0.032663	0.194304
01:00:56	0.00584899	0.0307492	0.0329323	0.116881
01:01:11	-0.00361404	-0.000671742	0.0275605	0.0817239
01:01:26	-0.00634843	-0.00554566	0.0255617	0.10485
01:01:41	0.00243938	-0.0124224	0.0247456	0.0844366
01:01:56	0.000234703	-0.0158315	0.0245122	0.0760717
01:02:11	-0.00404745	-0.0144352	0.0228527	0.0870752
01:02:26	-0.0032259	-0.0128766	0.0248677	0.0905407
01:02:41	0.00305291	-0.0119908	0.0218011	0.0894825
01:02:56	-0.00161373	-0.0175429	0.0177073	0.0835551
01:03:11	-0.00256591	-0.0151957	0.0232642	0.0993785
01:03:26	0.00427452	-0.0141758	0.0254509	0.0888858
01:03:41	-0.00117604	-0.0179733	0.0234944	0.092379
01:03:56	-0.00219175	-0.0150833	0.0322979	0.086361
01:04:11	-0.000858419	-0.017303	0.0244062	0.0782593
01:04:26	0.0003567	-0.0191045	0.0315894	0.113973
01:04:41	0.000129836	-0.0159308	0.0288027	0.0771647
01:04:56	0.000857886	-0.0168715	0.0268563	0.059955
01:05:11	-0.00282173	0.00194356	0.0268598	0.0910051
01:05:26	0.0015005	0.193259	0.0217683	0.275259
01:05:41	0.00137413	0.765082	0.0233847	0.767251
01:05:56	0.0166752	1.13596	0.0449439	1.07115
01:06:11	0.014662	0.868612	0.0505069	0.837048
01:06:26	0.015273	0.371194	0.0414305	0.415126
01:06:41	-0.000123735	0.117612	0.0218053	0.195817
01:06:56	0.00137516	0.0259396	0.0251258	0.112129
01:07:11	-0.000797488	-0.00317475	0.0148284	0.0784732
01:07:26	-0.00225256	-0.00775897	0.0280414	0.0852291
01:07:41	0.00364312	-0.0118046	0.0271937	0.0808869
01:07:56	-0.00635032	-0.0168451	0.0298635	0.0944745
01:08:11	-0.00806105	-0.0117704	0.0254974	0.0837941
01:08:26	-0.00292041	-0.0146947	0.0241543	0.082975
01:08:41	-0.00385324	-0.0184165	0.0245185	0.0878206
01:08:56	-0.00142491	-0.0117569	0.0296642	0.0687546
01:09:11	-0.00562033	-0.0162241	0.0313688	0.0821205
01:09:26	-0.00406513	-0.0147946	0.0198871	0.104357
01:09:41	0.00239109	-0.0135859	0.0282012	0.0938805
01:09:56	-0.000726941	-0.00973862	0.0244985	0.0834029
01:10:11	0.000845098	-0.0141162	0.0294174	0.0912544
01:10:26	-0.000746258	-0.014114	0.0284181	0.0944415
01:10:41	-0.0046113	-0.0155982	0.0220217	0.0654936
01:10:56	0.000723675	-0.012451	0.0312487	0.0806512
01:11:11	-0.00224734	-0.0186309	0.029791	0.0864214
01:11:26	0.00024029	-0.0117939	0.0206657	0.0920918
01:11:41	0.00854177	0.190847	0.0797857	0.259919
01:11:56	0.0885423	1.25711	0.417372	1.0515
01:12:11	0.249398	2.68185	1.04034	2.04596
01:12:26	0.263953	2.43846	1.0723	1.8379
01:12:41	0.137517	1.2279	0.584349	0.972217
01:12:56	0.0654887	0.570159	0.291716	0.495071
01:13:11	0.0242459	0.250325	0.14691	0.283155
01:13:26	0.0126557	0.0821444	0.083572	0.178596
01:13:41	0.00295798	0.0214157	0.0473452	0.106325
01:13:56	-0.000639328	-0.00501138	0.0419358	0.115512
01:14:11	0.00447303	-0.0122568	0.0323632	0.0991045
01:14:26	0.00232067	-0.0157057	0.0403203	0.0871348
01:14:41	0.000350059	-0.0192331	0.0322974	0.0833788
01:14:56	-0.0104397	-0.0157927	0.0411497	0.0909271
01:15:11	0.00205635	-0.0193635	0.0402592	0.0946147
01:15:26	-0.00104657	-0.0157778	0.0327787	0.0939115
01:15:41	-0.00224604	-0.0199777	0.0350128	0.0734093
01:15:56	-0.00419448	-0.019923	0.0295113	0.0876667
01:16:11	0.000765874	-0.016285	0.0361782	0.0796074
01:16:26	-0.000239007	-0.0135419	0.0425061	0.0724397
01:16:41	-0.00363663	-0.0191816	0.034366	0.0810091
01:16:56	-0.00416863	-0.0179731	0.0366807	0.0768556
01:17:11	-0.00500406	-0.0199808	0.0347478	0.0913144
01:17:26	-0.00258379	-0.0162492	0.035517	0.0964946
01:17:41	-9.91453e-05	0.0169322	0.038426	0.105612
01:17:56	0.0212911	0.3884	0.0980143	0.395083
01:18:11	0.138516	1.63653	0.454422	1.33548
01:18:26	0.24119	2.49889	0.880928	1.90078
01:18:41	0.192773	1.82573	0.767507	1.39241
01:18:56	0.101565	0.888988	0.415601	0.714829
01:19:11	0.0405908	0.44726	0.212934	0.414655
01:19:26	0.0134337	0.195246	0.108703	0.232976
01:19:41	0.00961331	0.0605635	0.0577295	0.14259
01:19:56	0.00287669	0.0109762	0.0423812	0.113196
01:20:11	0.00564196	-0.0100601	0.0417911	0.0977683
01:20:26	-0.0052413	-0.0139653	0.0265547	0.0744375
01:20:41	-0.00604712	-0.0219411	0.0330271	0.0882258
01:20:56	-0.00148997	-0.0154541	0.0286079	0.103932
01:21:11	-0.00625117	-0.0174384	0.0330407	0.114354
01:21:26	-0.00490785	-0.0154089	0.0234427	0.0727445
01:21:41	-0.00133114	-0.0207445	0.0348876	0.0709245
01:21:56	-0.00310292	-0.0218383	0.035637	0.092851
01:22:11	-0.00341654	-0.0166031	0.0344445	0.0770674
01:22:26	-0.00472002	-0.0209175	0.0400812	0.0948497
01:22:41	-0.00105331	-0.0184844	0.0384722	0.0782193
01:22:56	0.00533413	-0.0198334	0.0334438	0.0795368
01:23:11	-0.00275088	-0.0172449	0.033275	0.0983082
01:23:26	-0.000571413	-0.0143022	0.0334383	0.103735
01:23:41	-0.00372718	-0.0106611	0.0260238	0.0822702
01:23:56	0.0106158	0.176737	0.0604771	0.229867
01:24:11	0.0834994	1.09996	0.290436	0.928663
01:24:26	0.210629	2.28921	0.737824	1.80864
01:24:41	0.218182	2.08904	0.810855	1.60329
01:24:56	0.112811	1.06718	0.471588	0.829505
01:25:11	0.05173	0.503629	0.238126	0.440161
01:25:26	0.0195431	0.225891	0.127286	0.264666
01:25:41	0.00293505	0.074998	0.0635482	0.152123
01:25:56	0.00481744	0.0146264	0.0493934	0.0941456
01:26:11	0.00268022	-0.00356357	0.0342525	0.103274
01:26:26	-0.00635765	-0.0151815	0.0386062	0.0807347
01:26:41	-0.000109434	-0.0224803	0.0344892	0.0676694
01:26:56	-0.00611002	-0.017709	0.0428273	0.090616
01:27:11	0.00163327	-0.0181058	0.0327102	0.0992008
01:27:26	-0.00376203	-0.0174562	0.0284896	0.0753032
01:27:41	0.000409947	-0.0193754	0.037189	0.0884462
01:27:56	-0.000815714	-0.022123	0.0347964	0.0687492
01:28:11	0.00195621	-0.0230654	0.035806	0.085929
01:28:26	-0.0019812	-0.0205823	0.0290293	0.0955058
01:28:41	-0.00428852	-0.0203472	0.0310102	0.0784507
01:28:56	-0.00332736	-0.0150021	0.0284993	0.0721778
01:29:11	-0.00351242	-0.0181854	0.0406386	0.0909345
01:29:26	0.0029207	-0.0260475	0.0344731	0.0705475
01:29:41	-0.000725858	-0.0194587	0.0371319	0.0816699
01:29:56	0.00348463	-0.00398538	0.0356436	0.0881514
01:30:11	0.0103361	0.18476	0.0648605	0.242997
01:30:26	0.0925801	1.12546	0.297231	0.951348
01:30:41	0.209905	2.21995	0.724418	1.73308
01:30:56	0.202446	1.97168	0.755638	1.50003
01:31:11	0.102128	0.962733	0.430074	0.767512
01:31:26	0.0398081	0.422683	0.210814	0.396035
01:31:41	0.0187785	0.174046	0.106219	0.197371
01:31:56	0.00445446	0.0496273	0.0624278	0.156607
01:32:11	0.000654515	0.00808624	0.0390078	0.0997125
01:32:26	0.000480943	-0.0128982	0.0357295	0.0790874
01:32:41	-0.000342083	-0.0135471	0.0318635	0.0938635
01:32:56	0.0030524	-0.0167332	0.0377123	0.0951787
01:33:11	-0.00297943	-0.0185073	0.0358665	0.0907202
01:33:26	0.00031592	-0.0222399	0.0408364	0.0961818
01:33:41	0.00272399	-0.019307	0.0351335	0.0922808
01:33:56	-0.00377873	-0.0212621	0.0409337	0.0828564
01:34:11	-0.000142668	-0.0159385	0.0393276	0.0846012
01:34:26	0.000164578	-0.0213149	0.0374679	0.095257
01:34:41	-0.00265329	-0.0204517	0.0285063	0.0783641
01:34:56	-0.00551338	-0.0209183	0.0305902	0.0865286
01:35:11	0.0012936	-0.0199968	0.0347896	0.0918138
01:35:26	-0.00414207	-0.0175519	0.0392298	0.0793055
01:35:41	-0.000696764	-0.0285439	0.0381363	0.0787483
01:35:56	-0.00123013	-0.012811	0.0390694	0.0965657
01:36:11	0.00454116	0.124512	0.0543827	0.206474
01:36:25	0.0610993	0.803027	0.209837	0.69895
01:36:41	0.1884	2.02752	0.647013	1.5933
01:36:56	0.20115	1.99553	0.740853	1.53165
01:37:11	0.11025	1.03107	0.447382	0.819719
01:37:26	0.0501175	0.441144	0.21105	0.401339
01:37:41	0.0122749	0.16915	0.106956	0.21237
01:37:56	0.00524835	0.0528229	0.0635015	0.136557
01:38:11	0.000407114	0.00644969	0.0472867	0.0996854
01:38:26	0.0014967	-0.0158963	0.039044	0.0800559
01:38:41	-0.00726784	-0.0179072	0.0401924	0.0902307
01:38:56	0.00111165	-0.0164544	0.034951	0.0885441
01:39:11	0.000587405	-0.0191716	0.0317759	0.10309
01:39:26	0.000927252	-0.0216395	0.0297697	0.0815853
01:39:41	-0.00302417	-0.0208498	0.030473	0.0717981
01:39:55	-0.00318041	-0.0218625	0.0395085	0.0865119
01:40:11	-0.00179181	-0.0203099	0.0383631	0.087989
01:40:25	0.00356019	-0.0187804	0.0427545	0.0870446
01:40:41	0.00404923	-0.0217976	0.0376224	0.088151
01:40:55	-0.0028451	-0.0169189	0.0450961	0.0833484
01:41:11	-0.00205294	-0.0244646	0.0329582	0.0696269
01:41:26	-0.00168161	-0.0224309	0.0290745	0.0893066
01:41:41	-0.00782478	-0.0249146	0.025552	0.0947736
01:41:56	-0.00446091	-0.0185635	0.0381767	0.0961581
01:42:11	0.00329988	0.0914191	0.0448711	0.183226
01:42:26	0.047681	0.72435	0.180648	0.655695
01:42:41	0.162034	1.83114	0.547762	1.4492
01:42:56	0.192651	1.94464	0.692266	1.49951
01:43:11	0.113505	1.07318	0.442349	0.847801
01:43:26	0.0446846	0.454569	0.215353	0.404289
01:43:41	0.0173766	0.164963	0.0955895	0.209217
01:43:56	0.00394393	0.0484136	0.0533349	0.141678
01:44:11	0.00058178	0.00647169	0.0486413	0.101081
01:44:26	0.000108993	-0.0162244	0.0322741	0.101789
01:44:41	0.00176082	-0.0153152	0.0320127	0.0609555
01:44:56	-0.00353335	-0.0182938	0.0359972	0.0870929
01:45:11	-0.00264675	-0.0196624	0.0331594	0.10242
01:45:26	-0.00426544	-0.0212635	0.0420131	0.0921786
01:45:41	0.00397266	-0.0216775	0.0317951	0.0845786
01:45:56	0.000560424	-0.0217973	0.0363113	0.0970037
01:46:10	-0.000768938	-0.0213606	0.0314261	0.073476
01:46:26	0.00118651	-0.0249992	0.0373433	0.0847949
01:46:41	-0.00270542	-0.0241774	0.0297048	0.0714023
01:46:56	-0.00169734	-0.0191086	0.036803	0.100717
01:47:11	-0.00755213	-0.027924	0.031302	0.098437
01:47:26	-0.00428266	-0.0237433	0.0359085	0.0641586
01:47:41	-0.00100018	-0.0187554	0.0306226	0.0968383
01:47:56	0.00225865	-0.018758	0.0403037	0.0918273
01:48:11	0.00281529	0.0402058	0.0429047	0.121228
01:48:26	0.0339707	0.478631	0.126462	0.464768
01:48:41	0.13308	1.5417	0.44383	1.24418
01:48:56	0.182351	1.94167	0.655593	1.50695
01:49:11	0.130357	1.21853	0.477521	0.957818
01:49:26	0.0566859	0.515351	0.227248	0.473885
01:49:41	0.0179741	0.194391	0.102197	0.224197
01:49:56	0.0119372	0.0601396	0.0561178	0.150487
01:50:11	0.00520977	0.00612756	0.0499103	0.103219
01:50:26	-0.00664187	-0.0109936	0.0370706	0.0933251
01:50:41	0.00116306	-0.0164173	0.0338291	0.0794168
01:50:56	-0.00415317	-0.0193169	0.0339781	0.0762369
01:51:11	-0.00185822	-0.0178573	0.0329612	0.0999534
01:51:26	-0.00200022	-0.0205933	0.0332396	0.0944128
01:51:41	-0.00654603	-0.0181078	0.0373121	0.0992758
01:51:56	-0.00598007	-0.0192477	0.0361901	0.104812
01:52:11	0.00459275	-0.0208327	0.040472	0.0791115
01:52:26	0.00369038	-0.0228306	0.0439985	0.0701926
01:52:41	-0.00756237	-0.0241429	0.0437421	0.0961667
01:52:56	-0.00346295	-0.0216317	0.0365386	0.0657981
01:53:11	-0.0030357	-0.0187032	0.0242495	0.0802643
01:53:26	0.00336416	-0.0217905	0.0448859	0.0640263
01:53:41	7.08803e-05	-0.0207459	0.0363966	0.0857007
01:53:56	-0.0017523	-0.0214761	0.0385087	0.0744219
01:54:11	-0.0038626	-0.0267817	0.044762	0.0837916
01:54:26	0.00524717	0.0222187	0.0431074	0.116897
01:54:41	0.0240123	0.390739	0.110736	0.403581
01:54:56	0.118884	1.39536	0.394969	1.14701
01:55:11	0.177783	1.8481	0.609056	1.44038
01:55:26	0.123159	1.22898	0.468623	0.989652
01:55:41	0.0532345	0.515405	0.225929	0.450038
01:55:56	0.0187158	0.184894	0.0978642	0.235817
01:56:11	0.00527623	0.0572491	0.0542153	0.142343
01:56:26	-0.00121494	0.00915281	0.0419606	0.096715
01:56:41	-0.00153038	-0.0180541	0.0335557	0.0937594
01:56:56	-0.00436547	-0.0168375	0.041565	0.0795672
01:57:11	-0.00107519	-0.0225404	0.0381	0.061682
01:57:26	0.0032752	-0.0251461	0.0358502	0.086385
01:57:41	-0.00353708	-0.0225585	0.0359511	0.0886389
01:57:56	-0.000372271	-0.0191756	0.0413237	0.0982787
01:58:11	0.00339829	-0.0228192	0.0349213	0.0564279
01:58:26	0.000573685	-0.0235672	0.0400069	0.0607217
01:58:41	0.000780967	-0.0199911	0.0321506	0.0814997
01:58:56	-0.00135677	-0.026251	0.0333053	0.0740613
01:59:11	-0.000397541	-0.0210325	0.036853	0.0884156
01:59:26	-0.00499116	-0.0208131	0.0406402	0.0603559
01:59:41	-0.00291814	-0.0206048	0.0403829	0.0815852
01:59:56	-0.00153833	-0.0222526	0.0440556	0.0788854
02:00:11	-0.0092191	-0.0206399	0.0382372	0.0636257
02:00:26	0.00320741	-0.0185849	0.0423366	0.0834786
02:00:41	0.0010097	-0.0126622	0.0425742	0.0923668
02:00:56	0.00883429	0.136937	0.0487593	0.222355
02:01:11	0.0593222	0.820644	0.21021	0.715494
02:01:26	0.155987	1.68385	0.511326	1.33964
02:01:41	0.15494	1.54027	0.535086	1.20847
02:01:56	0.0798816	0.761712	0.295478	0.631389
02:02:11	0.0333092	0.284964	0.13264	0.306619
02:02:26	0.00533131	0.098187	0.0728966	0.145901
02:02:41	0.00661965	0.0202964	0.049763	0.115328
02:02:56	-0.00148977	-0.0112999	0.0420334	0.0839664
02:03:11	-0.000392175	-0.0221295	0.0370991	0.0825921
02:03:26	-0.00142932	-0.0214469	0.0347417	0.0775177
02:03:41	0.00088184	-0.0245055	0.0334793	0.086288
02:03:56	-0.00836485	-0.019982	0.0432275	0.0966595
02:04:11	0.00238182	-0.0221028	0.0324961	0.0723428
02:04:26	0.00023443	-0.0242456	0.0356092	0.0840358
02:04:41	-0.000752562	-0.0236749	0.0361927	0.0931207
02:04:56	0.0022208	-0.0265839	0.0307915	0.0868848
02:05:11	-0.00343449	-0.0218491	0.0326319	0.0838343
02:05:26	-0.00455975	-0.0238393	0.0327478	0.083872
02:05:41	0.00426522	-0.0197829	0.0407101	0.0669965
02:05:56	0.0010743	-0.0249329	0.0331224	0.0889436
02:06:11	-0.000649255	-0.0209332	0.0355626	0.0947001
02:06:26	-0.00186952	-0.0234277	0.0375775	0.0758397
02:06:40	-0.00310137	-0.0245002	0.0314948	0.0742049
02:06:56	-0.000839207	-0.0187737	0.037078	0.089725
02:07:11	0.00716977	0.0796582	0.0478154	0.152863
02:07:26	0.044968	0.652542	0.166977	0.591708
02:07:41	0.130163	1.49927	0.435695	1.20926
02:07:56	0.14934	1.5184	0.499683	1.20486
02:08:11	0.0794785	0.784972	0.293596	0.674387
02:08:25	0.0349834	0.32569	0.138841	0.328324
02:08:41	0.00931427	0.0984415	0.0631631	0.156952
02:08:56	-0.00208591	0.0237032	0.0459177	0.113164
02:09:11	-0.000335812	-0.0131088	0.0331867	0.070414
02:09:26	3.84734e-05	-0.0137471	0.0332213	0.0541459
02:09:41	-0.00344479	-0.0228792	0.0278352	0.0894645
02:09:56	7.41172e-05	-0.0245372	0.0346726	0.0748376
02:10:11	-0.00079115	-0.0255428	0.0303496	0.0768782
02:10:26	-0.00744699	-0.0209695	0.0354672	0.0677125
02:10:41	-0.00165789	-0.0253821	0.038975	0.100236
02:10:56	-0.0025213	-0.0216727	0.0429773	0.0663788
02:11:11	-0.000797371	-0.020965	0.0384066	0.0808784
02:11:26	-0.00865002	-0.0252711	0.0339791	0.0833691
02:11:41	-0.000568993	-0.0251708	0.0328504	0.0970492
02:11:56	-0.00660363	-0.0243125	0.035499	0.0879277
02:12:11	0.000793727	-0.0260899	0.0328997	0.0610147
02:12:26	-0.00300607	-0.0239871	0.0404564	0.0890005
02:12:41	-0.000802244	-0.022068	0.030981	0.0787679
02:12:56	-0.006242	-0.0253664	0.0327943	0.074723
02:13:11	-0.000329767	-0.00105912	0.0330514	0.100833
02:13:26	-0.00100334	0.402882	0.0834872	0.459569
02:13:41	0.0778417	2.46712	0.387083	2.14453
02:13:56	0.181401	4.72022	0.839343	3.89756
02:14:11	0.166399	3.822	0.769927	3.12907
02:14:26	0.0968839	2.10201	0.454681	1.77502
02:14:41	0.0451909	1.16481	0.266143	1.0412
02:14:56	0.0226122	0.61552	0.157576	0.597122
02:15:11	0.000766005	0.261019	0.0906409	0.305141
02:15:26	0.00263675	0.0827296	0.0591146	0.16714
02:15:41	0.00352407	0.0192703	0.0501354	0.109163
02:15:56	-0.00142754	-0.00491101	0.0468452	0.0893076
02:16:11	0.000791563	-0.0151564	0.0426091	0.0983444
02:16:26	0.00158623	-0.0179339	0.0392368	0.102837
02:16:41	-0.00984512	-0.0193244	0.0448888	0.0795313
02:16:55	-0.00351978	-0.0221812	0.0400609	0.0679461
02:17:11	-0.00443224	-0.0236337	0.0353859	0.0692574
02:17:26	-0.00710092	-0.0288151	0.0354979	0.0812617
02:17:41	0.00025846	-0.0220662	0.0396328	0.0718773
02:17:56	-0.00283742	-0.0233222	0.0315129	0.0838057
02:18:11	-0.00261488	-0.0208268	0.0268438	0.0889662
02:18:26	-0.000415985	-0.0261203	0.035445	0.0779066
02:18:41	-0.00150097	-0.0218725	0.0400038	0.0806178
02:18:56	-0.00451214	-0.0233789	0.0377357	0.0896213
02:19:11	0.000462401	-0.018199	0.0385948	0.107248
02:19:26	-0.000367809	0.192929	0.0515485	0.268862
02:19:41	0.0369213	1.67012	0.158018	1.4918
02:19:56	0.124286	4.19497	0.483854	3.52788
02:20:11	0.148093	4.04475	0.591262	3.36039
02:20:26	0.0958876	2.29842	0.399252	1.95626
02:20:41	0.0496313	1.33085	0.23104	1.16036
02:20:56	0.0279168	0.714223	0.14149	0.654587
02:21:11	0.00611536	0.342875	0.0786704	0.381939
02:21:26	0.00818949	0.130224	0.0575923	0.222151
02:21:41	0.00506637	0.0368713	0.0350529	0.109255
02:21:56	7.43006e-05	-0.00780407	0.0439337	0.097876
02:22:11	-0.00365443	-0.0109315	0.0283674	0.073186
02:22:26	-0.00163868	-0.0175519	0.0357784	0.0803962
02:22:41	-0.00404792	-0.0212859	0.029796	0.0700608
02:22:56	-0.00381202	-0.0206023	0.0381673	0.0731581
02:23:11	-0.00691706	-0.0226173	0.0336394	0.0713737
02:23:26	-0.00504681	-0.0195	0.0354337	0.0797923
02:23:41	0.000395445	-0.0181797	0.0359235	0.0713042
02:23:56	0.00114241	-0.0205337	0.0372311	0.0625815
02:24:11	0.00380233	-0.0259958	0.0386219	0.0606111
02:24:26	0.000606734	-0.0196102	0.0278833	0.091717
02:24:41	0.00388408	-0.0249665	0.042881	0.0940066
02:24:56	-0.00302818	-0.0243426	0.0460118	0.0868523
02:25:11	-0.00584013	-0.0174116	0.039413	0.0675561
02:25:26	0.00338723	0.021399	0.029682	0.103631
02:25:41	0.0139713	0.545614	0.0645162	0.559857
02:25:56	0.0653945	2.74385	0.272214	2.38977
02:26:11	0.129127	4.38834	0.522079	3.66729
02:26:26	0.10772	3.20578	0.471814	2.69136
02:26:41	0.0627945	1.78006	0.286611	1.54409
02:26:56	0.0364165	0.98091	0.165653	0.884437
02:27:11	0.0190982	0.50745	0.0996977	0.521802
02:27:26	0.00544904	0.220905	0.0656361	0.263961
02:27:41	0.00379994	0.0690815	0.0482992	0.143106
02:27:56	0.00498018	0.0127791	0.0338147	0.103324
02:28:11	-0.00130319	-0.0119944	0.0328791	0.0886384
02:28:26	-0.00386682	-0.0172047	0.0349389	0.073348
02:28:41	0.00251981	-0.014968	0.0329962	0.0868838
02:28:56	-0.00515031	-0.0206253	0.0481446	0.0683022
02:29:11	0.001424	-0.018658	0.0424062	0.0771158
02:29:26	0.00327192	-0.019875	0.035216	0.0818722
02:29:41	0.000861334	-0.0256267	0.0415837	0.0592186
02:29:56	0.00150781	-0.0233665	0.03263	0.0787499
02:30:11	0.00170384	-0.0200235	0.0288039	0.0685748
02:30:26	-0.00484533	-0.0165602	0.0345024	0.087922
02:30:41	0.00218836	-0.023257	0.0319192	0.0582878
02:30:56	-0.00221981	-0.0217579	0.0387494	0.0759836
02:31:11	-0.00606185	-0.0246267	0.0348639	0.0551947
02:31:26	0.00115551	-0.017896	0.0296769	0.0847615
02:31:41	0.00521504	0.167993	0.0448752	0.219942
02:31:56	0.0281084	1.46669	0.128289	1.34344
02:32:11	0.0963636	3.85647	0.388762	3.26118
02:32:26	0.115465	3.82759	0.474899	3.21915
02:32:41	0.0771533	2.19078	0.315095	1.86428
02:32:56	0.0365837	1.22061	0.186198	1.08847
02:33:11	0.0215746	0.649726	0.112138	0.61684
02:33:26	0.00152307	0.305092	0.0676893	0.352957
02:33:41	0.002956	0.105332	0.0508891	0.172676
02:33:56	-0.00496307	0.0309039	0.0336811	0.121562
02:34:11	0.000921473	-0.00585014	0.0421915	0.07852
02:34:26	0.000144217	-0.0171716	0.038659	0.0738609
02:34:41	0.00275936	-0.0208424	0.0248037	0.0818607
02:34:56	0.00216635	-0.0235779	0.0376761	0.0625814
02:35:11	0.00217573	-0.0239234	0.0382972	0.0790682
02:35:26	0.000981487	-0.0250341	0.034289	0.0711148
02:35:41	-0.000499446	-0.0212006	0.0426011	0.0496957
02:35:56	-0.00218113	-0.0238318	0.0330545	0.0529573
02:36:11	-0.00152245	-0.0231786	0.029925	0.0716545
02:36:26	0.00225733	-0.0245269	0.0373101	0.0739767
02:36:41	-0.0011661	-0.0197612	0.0327664	0.0663437
02:36:56	-0.00558631	-0.019823	0.0351873	0.0779873
02:37:11	0.00046138	-0.0206046	0.0403625	0.0662504
02:37:26	-0.00705659	-0.0249706	0.0330784	0.0680951
02:37:41	0.00499307	0.00725336	0.0328829	0.0943258
02:37:56	0.00828545	0.439607	0.0532679	0.459096
02:38:11	0.0541006	2.34252	0.194641	2.07147
02:38:26	0.100549	4.05893	0.400959	3.44226
02:38:41	0.0880569	3.09698	0.375876	2.64003
02:38:56	0.0502672	1.67433	0.230265	1.4371
02:39:11	0.0255513	0.916624	0.130915	0.843505
02:39:26	0.0126928	0.471346	0.0775394	0.479277
02:39:41	0.00926765	0.198242	0.0534886	0.231914
02:39:56	-0.0026617	0.0642609	0.0438625	0.132287
02:40:11	-0.00293286	0.01037	0.0293933	0.102926
02:40:26	0.00402612	-0.013464	0.0344095	0.0902094
02:40:41	-0.00387173	-0.0205882	0.027982	0.0793076
02:40:56	-0.00539181	-0.0186777	0.0335765	0.07302
02:41:11	-0.00418315	-0.0182213	0.0334713	0.0546124
02:41:26	0.00278022	-0.0197389	0.0293424	0.0901459
02:41:41	-0.0017555	-0.0254125	0.0245854	0.0715046
02:41:56	-0.00210546	-0.0200607	0.03083	0.0811107
02:42:11	-0.00233278	-0.0192768	0.0289121	0.0832054
02:42:26	-0.0057489	-0.0260491	0.0345603	0.0687266
02:42:41	0.00124492	-0.0248545	0.0341034	0.0647809
02:42:56	0.0026072	-0.0271088	0.0277722	0.0734749
02:43:11	-0.00146801	-0.0268695	0.0325294	0.0702834
02:43:26	0.00149488	-0.0259329	0.0321443	0.0784215
02:43:41	-0.00274739	-0.0212403	0.037335	0.0752347
02:43:56	-0.00389955	0.0269512	0.0336031	0.130046
02:44:11	0.0140043	0.63929	0.0592837	0.644157
02:44:26	0.0528694	2.72653	0.20373	2.38109
02:44:41	0.0918216	3.91207	0.361306	3.32933
02:44:56	0.0724708	2.67309	0.29517	2.29347
02:45:11	0.0439451	1.43673	0.167797	1.2808
02:45:26	0.0193284	0.765296	0.100108	0.695455
02:45:41	0.0103976	0.35867	0.0651568	0.389062
02:45:56	-0.00219449	0.132372	0.0489082	0.198798
02:46:11	0.00181332	0.0390128	0.0363012	0.135702
02:46:26	-0.0029458	-0.00212525	0.0365618	0.0827473
02:46:41	-0.00281642	-0.0144176	0.0287695	0.0777694
02:46:56	-0.00735405	-0.0188383	0.0256156	0.0699349
02:47:11	-0.00104031	-0.0229508	0.0347847	0.0939762
02:47:26	-0.00170009	-0.0234841	0.0224718	0.0629564
02:47:41	-0.00353726	-0.0203219	0.0242297	0.0726622
02:47:56	-0.00220497	-0.0222396	0.0317595	0.0446843
02:48:11	0.000376178	-0.0241987	0.028552	0.0705197
02:48:25	-0.00234615	-0.021642	0.0267722	0.0717512
02:48:41	-0.00546199	-0.0241902	0.0312136	0.0862121
02:48:56	-0.000304951	-0.0227464	0.0326496	0.069533
02:49:11	-0.00403213	-0.0208088	0.0380809	0.0511381
02:49:26	-0.00377267	-0.0217984	0.0309015	0.0852179
02:49:41	-0.00450937	-0.0239671	0.0307561	0.0933206
02:49:56	0.00540714	-0.0231219	0.030621	0.0751296
02:50:11	-0.00420529	-0.001396	0.0332708	0.0926988
02:50:26	0.0013221	0.373461	0.0396973	0.432985
02:50:41	0.0292578	2.08559	0.127853	1.85129
02:50:56	0.0725249	3.75229	0.272087	3.22359
02:51:11	0.0703703	2.90471	0.269352	2.49386
02:51:26	0.0323218	1.52278	0.164164	1.37093
02:51:41	0.0195934	0.79193	0.102417	0.750701
02:51:56	0.00910151	0.377056	0.0603012	0.419244
02:52:11	0.0026651	0.138564	0.0479499	0.209021
02:52:26	-0.00295885	0.0409496	0.0431699	0.116515
02:52:41	-0.0011679	0.00420852	0.0396462	0.0748621
02:52:56	-0.00141788	-0.0159708	0.0330387	0.0754819
02:53:11	-0.00332616	-0.0235406	0.0276165	0.0969481
02:53:26	-0.000323039	-0.0210849	0.0330086	0.0700832
02:53:41	0.000895601	-0.0196335	0.0306545	0.0746659
02:53:56	0.001625	-0.0228986	0.0267007	0.0772954
02:54:11	0.000580034	-0.0240291	0.0311386	0.0652278
02:54:26	-0.000979111	-0.025152	0.0241032	0.0489131
02:54:41	-0.0032059	-0.0243828	0.030879	0.0630914
02:54:56	-0.00554009	-0.0231304	0.0266475	0.07161
02:55:11	0.00194171	-0.0209532	0.0311262	0.087152
02:55:26	-0.00151609	-0.0260665	0.0384054	0.0785387
02:55:41	-0.00108628	-0.0197264	0.0283473	0.0812565
02:55:56	-0.00495864	-0.0187531	0.0252062	0.0442441
02:56:11	0.000872207	-0.0240793	0.0344146	0.0575836
02:56:26	-0.000164563	0.0284632	0.0321315	0.126042
02:56:41	0.00545704	0.609834	0.0473688	0.616436
02:56:56	0.0331424	2.52643	0.130528	2.24577
02:57:11	0.0507229	3.60836	0.243996	3.09703
02:57:26	0.0424719	2.43977	0.190595	2.1337
02:57:41	0.0281265	1.24133	0.109596	1.13357
02:57:56	0.0106096	0.628549	0.0707319	0.619471
02:58:11	0.00280271	0.273182	0.0536567	0.315474
02:58:26	0.00363699	0.0942145	0.0342862	0.173889
02:58:41	0.00326108	0.0162184	0.0374191	0.113749
02:58:56	-0.000895062	-0.00233716	0.0388703	0.0883629
02:59:11	-0.00139592	-0.0159101	0.0366699	0.0498444
02:59:26	0.00139735	-0.0165972	0.0343246	0.0801617
02:59:41	-0.0044393	-0.0266487	0.0321154	0.0723791
02:59:56	-0.00222939	-0.0194045	0.0248025	0.0731831
03:00:11	-0.00708261	-0.0223915	0.0341593	0.0659927
03:00:26	0.00270708	-0.0245842	0.0250441	0.0772104
03:00:41	0.00108968	-0.0248328	0.0320857	0.0578957
03:00:55	-0.00314727	-0.0247623	0.0277178	0.079746
03:01:11	-0.00447374	-0.0239288	0.0297409	0.074547
03:01:26	-0.00663952	-0.0279843	0.0275858	0.0893773
03:01:41	0.00171485	-0.0247746	0.0380624	0.0662403
03:01:56	-0.0050341	-0.0244222	0.0287051	0.0673827
03:02:11	0.00264233	-0.0228424	0.0299496	0.0791593
03:02:26	0.000308314	-0.0268654	0.023394	0.0712881
03:02:41	-0.00122086	-0.0119321	0.032414	0.093514
03:02:56	0.000994718	0.210516	0.0228059	0.285789
03:03:11	0.0054597	1.50164	0.0630371	1.41107
03:03:26	0.0267012	3.30476	0.137682	2.8956
03:03:41	0.0330465	3.01851	0.159064	2.6445
03:03:56	0.0242751	1.55888	0.10727	1.41718
03:04:10	0.00890285	0.817626	0.064089	0.784819
03:04:26	0.00436689	0.363163	0.0490181	0.402912
03:04:41	-0.00694727	0.135291	0.0329438	0.188015
03:04:56	-0.000968736	0.0368212	0.0329672	0.139816
03:05:11	0.000335795	-0.000113518	0.0392577	0.0869306
03:05:26	-0.00258089	-0.0162394	0.0293866	0.0723866
03:05:40	-0.00222914	-0.0213413	0.0346284	0.0623435
03:05:56	-0.00276453	-0.0216465	0.0278387	0.0920716
03:06:11	-0.0029481	-0.0217875	0.025906	0.0758684
03:06:26	-0.00139732	-0.022408	0.0285718	0.0719655
03:06:41	0.00209791	-0.0167705	0.0287643	0.0450497
03:06:56	-0.00672137	-0.0202113	0.0325275	0.0753285
03:07:11	-0.00193554	-0.0221712	0.0293962	0.0756865
03:07:26	-0.00119403	-0.0231933	0.0275663	0.0810768
03:07:41	0.000994637	-0.0271323	0.0343609	0.0692982
03:07:56	-0.00410969	-0.0222234	0.0400622	0.0753579
03:08:11	-0.0029551	-0.0253843	0.0340221	0.0471072
03:08:26	-0.00201684	-0.0235461	0.0290817	0.054164
03:08:41	-0.0024183	-0.0250343	0.029729	0.0733783
03:08:55	0.00215837	0.00611209	0.0273048	0.0947038
03:09:11	0.00730951	0.424747	0.0276956	0.476509
03:09:26	0.0114805	2.01819	0.0611266	1.87273
03:09:41	0.0140848	3.29005	0.105641	2.91094
03:09:56	0.0155143	2.40935	0.101266	2.16363
03:10:11	0.011674	1.13976	0.0592029	1.09146
03:10:26	0.00052809	0.547129	0.0452439	0.553021
03:10:41	-0.00253202	0.228931	0.0361192	0.313822
03:10:56	0.00187339	0.0711917	0.0296526	0.139668
03:11:11	-0.00191212	0.0139558	0.0330297	0.0944256
03:11:26	-0.00126937	-0.00920829	0.0287819	0.0673992
03:11:41	-0.00314428	-0.0209165	0.0312653	0.0765182
03:11:56	-0.00631135	-0.0174512	0.0383996	0.0869183
03:12:11	-0.000656939	-0.0214764	0.0335598	0.078872
03:12:26	0.00109823	-0.0216416	0.0278638	0.047569
03:12:41	0.00302528	-0.0220437	0.0284126	0.0624773
03:12:56	-0.00390131	-0.0225042	0.0267899	0.0880338
03:13:11	0.000472086	-0.0258936	0.0301965	0.0671319
03:13:26	-0.00535513	-0.0216058	0.033641	0.0568645
03:13:41	0.000495984	-0.0239425	0.0333909	0.0955189
03:13:56	0.000847004	-0.0230873	0.0271107	0.0608951
03:14:11	0.00193977	-0.0224615	0.0347496	0.0601282
03:14:26	0.00431488	-0.029405	0.0272961	0.0578682
03:14:41	-0.000270828	-0.0248997	0.0325325	0.0765783
03:14:56	0.00313788	-0.0169857	0.0300848	0.0913464
03:15:11	0.000627077	0.150074	0.0525307	0.223715
03:15:26	0.0516887	1.10755	0.282336	0.975973
03:15:41	0.158182	2.45155	0.700266	2.00094
03:15:56	0.172822	2.27365	0.743509	1.81603
03:16:11	0.0924111	1.11029	0.414678	0.904123
03:16:26	0.0337747	0.430211	0.191077	0.405628
03:16:41	0.012331	0.15128	0.0935779	0.192895
03:16:56	0.00204783	0.0355268	0.0526989	0.105993
03:17:11	-0.000249612	0.00145472	0.0404715	0.0881818
03:17:26	-0.000694065	-0.0193871	0.0344102	0.0713443
03:17:41	0.0028986	-0.0271231	0.0412551	0.0835129
03:17:55	-0.00238394	-0.0234062	0.0344089	0.0789445
03:18:11	-0.00697347	-0.0219534	0.0347416	0.0824145
03:18:26	-0.00145249	-0.021285	0.0326908	0.0683453
03:18:41	-0.00375439	-0.0180754	0.035002	0.0604366
03:18:56	-0.00906592	-0.0247443	0.0357486	0.0710047
03:19:11	0.000338474	-0.0232539	0.0303807	0.0685045
03:19:25	-0.000616172	-0.0244046	0.0312374	0.0704357
03:19:41	0.00122695	-0.0224704	0.0502713	0.0763904
03:19:56	0.0052554	-0.0189087	0.0332201	0.0692638
03:20:11	0.00211687	-0.020395	0.0419493	0.0696404
03:20:26	-0.00577831	-0.0234556	0.0350159	0.0751227
03:20:41	5.05625e-05	-0.0261552	0.0351614	0.0764948
03:20:56	-0.00372103	-0.0217142	0.0394368	0.0686857
03:21:11	2.47228e-05	0.0587438	0.0398051	0.131393
03:21:26	0.0352903	0.67557	0.135302	0.64071
03:21:41	0.11724	1.99918	0.475913	1.66354
03:21:56	0.165712	2.34695	0.683546	1.89435
03:22:11	0.106098	1.3982	0.473087	1.12272
03:22:26	0.0355872	0.572856	0.225503	0.513692
03:22:41	0.0102764	0.208086	0.0967817	0.234719
03:22:56	0.00170754	0.0635696	0.0611924	0.13597
03:23:11	0.00159228	0.0055943	0.0427355	0.130391
03:23:25	-0.00195182	-0.012061	0.0357453	0.0625389
03:23:41	-0.00276617	-0.0185762	0.0307664	0.0798784
03:23:56	-0.00483034	-0.0248463	0.0240752	0.0727803
03:24:11	3.6475e-05	-0.0265202	0.0317662	0.0625221
03:24:26	-0.00783451	-0.0272446	0.0332726	0.0558854
03:24:41	-0.000367926	-0.0239567	0.0368425	0.0643769
03:24:56	-0.0024107	-0.0236048	0.0284279	0.0676248
03:25:11	-0.0014362	-0.025575	0.0427419	0.0543979
03:25:26	-0.00328486	-0.0215825	0.0402931	0.0465898
03:25:41	-0.00125399	-0.0200627	0.0297183	0.0764795
03:25:56	0.000755873	-0.0196254	0.0330391	0.0640067
03:26:11	-0.00423018	-0.0208139	0.0359649	0.0625742
03:26:26	-0.00634367	-0.023684	0.0379889	0.0688294
03:26:41	0.00510125	-0.0248394	0.0337835	0.0555077
03:26:55	-0.00314887	-0.0266891	0.0303614	0.0737135
03:27:11	-0.00692675	-0.0129869	0.0386238	0.083933
03:27:26	0.00533491	0.200198	0.0639096	0.236657
03:27:41	0.0598079	1.18328	0.248168	1.03134
03:27:56	0.135776	2.23057	0.553788	1.82945
03:28:11	0.13018	1.90367	0.569353	1.52635
03:28:26	0.0648213	0.901438	0.317309	0.754675
03:28:41	0.0261931	0.338297	0.142882	0.346512
03:28:56	0.0101507	0.111954	0.0755527	0.153542
03:29:11	-0.00116325	0.0247221	0.0413809	0.0995482
03:29:26	-0.00107922	-0.00602531	0.0338443	0.0805102
03:29:41	0.000511505	-0.0190421	0.029388	0.0453588
03:29:56	0.00150593	-0.0193473	0.0367834	0.064173
03:30:11	-0.00176575	-0.0223575	0.0379854	0.0741041
03:30:26	0.000518645	-0.0216527	0.0384558	0.0667681
03:30:41	0.00536248	-0.0200596	0.0423031	0.0618461
03:30:56	-0.00459257	-0.0266263	0.0305835	0.0632424
03:31:11	-0.000901607	-0.0289944	0.0392479	0.063374
03:31:26	0.0056287	-0.0225645	0.0401306	0.064006
03:31:41	0.0017802	-0.0202471	0.0342827	0.0553339
03:31:56	0.00376792	-0.0226835	0.0347218	0.0692483
03:32:11	-0.00161412	-0.0240796	0.0348612	0.0990889
03:32:26	-0.000482057	-0.0223572	0.0252366	0.0782854
03:32:41	-0.00259233	-0.0259916	0.0372172	0.0651977
03:32:56	-0.00210482	-0.021529	0.0352197	0.0770881
03:33:11	-0.00133399	-0.0258434	0.0323388	0.0611113
03:33:26	-0.00136187	-0.0220897	0.0354686	0.0594794
03:33:41	0.00449174	0.0197299	0.0385298	0.101962
03:33:56	0.0224461	0.416834	0.0902566	0.422212
03:34:11	0.0858734	1.56157	0.324636	1.34222
03:34:26	0.130055	2.12257	0.534753	1.73139
03:34:41	0.0950838	1.44312	0.420818	1.18776
03:34:56	0.0371597	0.597442	0.207387	0.543083
03:35:11	0.0105879	0.209465	0.0851721	0.250109
03:35:26	0.00284753	0.0691579	0.053686	0.127251
03:35:41	-0.00417409	0.00261848	0.0379542	0.0958713
03:35:56	-0.0032717	-0.0178291	0.0299358	0.0651635
03:36:11	0.00118363	-0.0164092	0.0292205	0.0799664
03:36:26	-0.00271375	-0.0221	0.0388911	0.0595485
03:36:41	-0.00490451	-0.0218513	0.0310768	0.0628864
03:36:56	-0.00383492	-0.0269196	0.027538	0.0760448
03:37:11	0.000549108	-0.0293066	0.0292217	0.0536071
03:37:26	-0.00246804	-0.0212234	0.0333696	0.0823055
03:37:41	-0.00184696	-0.0225107	0.034241	0.0560892
03:37:56	0.0039402	-0.0267699	0.0346157	0.069765
03:38:11	-0.00442575	-0.0215194	0.0300974	0.0548346
03:38:26	-0.0020827	-0.0252017	0.0350898	0.072535
03:38:41	-0.000131483	-0.0239818	0.0289378	0.0669291
03:38:56	-0.00501473	-0.020239	0.0417863	0.0680508
03:39:11	-0.000184513	-0.0247903	0.036287	0.0633237
03:39:26	-0.00682689	-0.0238962	0.0300281	0.0764564
03:39:41	-0.000183165	-0.0261472	0.0342581	0.0628434
03:39:56	-0.00316895	0.00213057	0.0326345	0.0927429
03:40:11	0.0101047	0.325925	0.0691326	0.342653
03:40:26	0.0659602	1.33318	0.259386	1.14394
03:40:41	0.116943	1.98724	0.461335	1.64404
03:40:56	0.0941488	1.43978	0.391329	1.20703
03:41:11	0.0372484	0.596274	0.188555	0.566211
03:41:26	0.00890903	0.210744	0.0855779	0.229199
03:41:41	0.00737681	0.0594547	0.0474653	0.120383
03:41:56	-0.00039145	0.00534481	0.0323718	0.0743661
03:42:11	-0.00552397	-0.0153281	0.0439019	0.0525866
03:42:26	0.00844849	-0.0213793	0.0327733	0.0774859
03:42:41	-0.00179651	-0.0228824	0.034278	0.0571754
03:42:56	0.00106827	-0.0186222	0.0321154	0.0562868
03:43:11	-0.00682276	-0.0223007	0.0271807	0.0487225
03:43:26	-0.00278434	-0.0198296	0.0335209	0.0642631
03:43:41	-0.00587805	-0.0251993	0.0294807	0.0358534
03:43:56	-0.000771357	-0.023694	0.0327942	0.0469857
03:44:11	0.000701244	-0.0217631	0.0270173	0.0674378
03:44:26	-0.000660608	-0.0217283	0.0360937	0.0650871
03:44:41	-0.000703758	-0.023933	0.0266105	0.0661923
03:44:56	-0.00422706	-0.0225583	0.0366766	0.0859292
03:45:11	-0.00409964	-0.0236772	0.0257866	0.0581894
03:45:26	-0.00677673	-0.0270534	0.0296321	0.0591135
03:45:41	-0.00183793	-0.0260499	0.0299935	0.0652078
03:45:56	0.00216516	-0.0227689	0.0240918	0.0559766
03:46:11	0.00445753	0.0582539	0.0342425	0.123638
03:46:26	0.0265785	0.630736	0.119182	0.589462
03:46:41	0.0861212	1.63563	0.321922	1.39573
03:46:56	0.0983977	1.73832	0.395708	1.4472
03:47:11	0.0585943	0.963017	0.25226	0.815845
03:47:26	0.0272601	0.349618	0.1244	0.352193
03:47:41	0.00194379	0.105333	0.0501219	0.144985
03:47:56	-0.003462	0.0227652	0.0406485	0.120863
03:48:11	0.000963307	-0.00506892	0.0361193	0.0586705
03:48:26	-0.00531652	-0.0174651	0.0227953	0.0428521
03:48:41	-0.000869776	-0.0188652	0.0325913	0.0425541
03:48:56	0.00229727	-0.0224043	0.02445	0.0401803
03:49:11	-0.00162656	-0.0200905	0.0275368	0.030709
03:49:26	-0.004507	-0.0285327	0.0374091	0.0650779
03:49:41	-3.0158e-05	-0.0209831	0.0267879	0.0760896
03:49:56	-0.00361631	-0.0207734	0.0314513	0.0823706
03:50:11	-0.0082646	-0.0255095	0.031102	0.0496213
03:50:26	5.86924e-05	-0.0206972	0.039516	0.0626839
03:50:41	-0.00594536	-0.02086	0.0417472	0.0495309
03:50:56	-0.00456735	-0.0270369	0.0281887	0.0547154
03:51:11	-0.00522914	-0.0216372	0.0315549	0.0590109
03:51:26	-0.00452062	-0.0238698	0.0285498	0.0569173
03:51:41	-0.00537659	-0.0206832	0.0330885	0.0765936
03:51:56	-0.00230662	-0.0224108	0.0331712	0.0527052
03:52:11	-0.00315064	-0.0252439	0.0404004	0.0587694
03:52:26	0.0013028	-0.018317	0.0366706	0.0743879
03:52:41	0.00343023	0.0953336	0.0345199	0.151241
03:52:56	0.030165	0.732865	0.128968	0.664953
03:53:11	0.081662	1.60786	0.289556	1.39375
03:53:26	0.0769391	1.53671	0.321502	1.31547
03:53:41	0.043163	0.764255	0.184538	0.688955
03:53:56	0.0137187	0.259217	0.0831154	0.287736
03:54:11	0.000716469	0.0752284	0.0516718	0.130104
03:54:26	0.00284901	0.00764022	0.0344459	0.0744225
03:54:41	0.00494628	-0.0144467	0.0327826	0.0650257
03:54:56	-0.00571667	-0.0189846	0.0271772	0.0734053
03:55:11	-0.00287371	-0.0180304	0.0292766	0.0668811
03:55:26	-0.00342972	-0.0208581	0.0299841	0.0652959
03:55:41	-0.00122108	-0.0203892	0.0237303	0.0706364
03:55:56	0.00413984	-0.0238556	0.035164	0.0848901
03:56:11	0.00238627	-0.0213309	0.0274132	0.0445628
03:56:26	-0.00453868	-0.0259228	0.0332506	0.0703136
03:56:41	-0.00331362	-0.0195958	0.0351922	0.0685809
03:56:56	-0.00832804	-0.0257998	0.024365	0.0543007
03:57:11	0.00442229	-0.0222635	0.0263169	0.0412889
03:57:26	-0.00113005	-0.0274674	0.023522	0.0528179
03:57:41	-0.00680785	-0.0235599	0.0317637	0.049761
03:57:56	0.00106342	-0.0280294	0.0353857	0.0605973
03:58:11	-0.000263805	-0.0243966	0.0377113	0.0505506
03:58:26	-0.0063508	-0.0232629	0.0320298	0.0616033
03:58:41	0.000696559	-0.0195647	0.032129	0.0781543
03:58:56	0.0008136	0.0832611	0.0366579	0.121962
03:59:11	0.0206222	0.634379	0.100732	0.60126
03:59:26	0.0588386	1.45939	0.232335	1.2751
03:59:41	0.0666252	1.41463	0.254529	1.19208
03:59:56	0.0347711	0.716777	0.158229	0.644256
04:00:11	0.013713	0.246793	0.0779691	0.268168
04:00:26	0.0037861	0.0677763	0.0440521	0.128075
04:00:41	0.000507103	0.00624812	0.0367127	0.0741375
04:00:56	0.000842277	-0.0121764	0.0348289	0.0663022
04:01:11	-0.00700115	-0.0167739	0.0237241	0.0680945
04:01:26	0.000567167	-0.0251544	0.0287655	0.060703
04:01:41	-0.00453553	-0.0218699	0.0342729	0.0520737
04:01:56	-0.00528301	-0.018446	0.0274308	0.0510441
04:02:11	-0.0085529	-0.0268172	0.031477	0.0422339
04:02:26	-0.00902659	-0.0207843	0.0324721	0.0476267
04:02:41	0.000821537	-0.0246921	0.0371307	0.0733146
04:02:56	-0.00211798	-0.0173906	0.0343453	0.0435943
04:03:11	0.00226904	-0.0272498	0.0291246	0.0664713
04:03:26	-0.00239881	-0.0233526	0.0349077	0.0551854
04:03:41	-0.00667331	-0.0259358	0.0293545	0.0712419
04:03:56	-0.00145784	-0.0232781	0.0224769	0.0677994
04:04:11	-0.00534518	-0.0283008	0.0311999	0.0383564
04:04:26	0.000620199	-0.0247556	0.0312846	0.0545887
04:04:41	-0.00098408	-0.0241511	0.03394	0.0571841
04:04:56	-0.000910137	-0.0239997	0.0296591	0.0511904
04:05:11	-0.00339238	-0.0176065	0.0318963	0.0842403
04:05:26	0.00526288	0.115565	0.0370774	0.16546
04:05:41	0.0209939	0.708627	0.0860964	0.683796
04:05:56	0.0483533	1.36515	0.182507	1.20239
04:06:11	0.0430912	1.21172	0.180848	1.07797
04:06:26	0.0244022	0.561919	0.104849	0.554691
04:06:41	0.00588049	0.174913	0.0514341	0.209331
04:06:56	-0.00194931	0.040434	0.0341422	0.115154
04:07:11	0.000943903	-0.00185527	0.0325174	0.06398
04:07:26	-0.0131022	-0.0128973	0.0375912	0.0790694
04:07:41	-0.000953741	-0.0192304	0.0296142	0.0410547
04:07:56	0.0029447	-0.0229275	0.0237377	0.0639755
04:08:11	-0.0086179	-0.0242578	0.0248972	0.0648986
04:08:26	-0.00352241	-0.0303118	0.0292696	0.0548419
04:08:41	-0.00814277	-0.0242594	0.0237863	0.0516723
04:08:56	0.000889672	-0.0261217	0.0322752	0.0604591
04:09:11	-0.00330918	-0.0261002	0.0265287	0.0509618
04:09:26	-0.00155169	-0.0223475	0.0254873	0.0276103
04:09:41	-0.000744154	-0.0262253	0.0285053	0.063702
04:09:56	0.00433531	-0.0203996	0.0326192	0.0521611
04:10:11	-0.00200941	-0.0254653	0.0304926	0.0591074
04:10:26	-0.0061496	-0.0260309	0.0228165	0.0206026
04:10:41	0.000951326	-0.0226519	0.0284004	0.0352592
04:10:56	-0.00707309	-0.0250013	0.0294545	0.0701972
04:11:11	-0.00383145	-0.0212552	0.0266488	0.0551698
04:11:26	-0.0104855	-0.0199225	0.030824	0.0524744
04:11:41	0.00120064	0.0581547	0.0324458	0.136018
04:11:56	-0.000403406	0.497698	0.0562815	0.498311
04:12:11	0.0294474	1.1551	0.101077	1.06861
04:12:26	0.0247261	1.14704	0.118256	1.05449
04:12:40	0.0249869	0.659498	0.0848819	0.625407
04:12:56	0.00871003	0.192418	0.0439204	0.230306
04:13:11	0.00699218	0.0396299	0.0385826	0.106047
04:13:26	-0.000125283	-0.00362523	0.031081	0.0620027
04:13:41	0.00265191	-0.0165364	0.0290594	0.0709323
04:13:56	0.00193505	-0.0221225	0.0272726	0.0639987
04:14:11	-0.00242585	-0.0193424	0.0282464	0.071768
04:14:26	-0.00526041	-0.0259059	0.0299294	0.0559747
04:14:41	-0.00230827	-0.0217612	0.0276721	0.0564701
04:14:56	-0.00687238	-0.0250105	0.0176904	0.0738914
04:15:11	0.00130324	-0.0215462	0.013094	0.059018
04:15:26	-0.0065245	-0.0205456	0.0208387	0.0588147
04:15:41	-0.00368713	-0.0210412	0.0297024	0.0616101
04:15:56	-0.00268255	-0.0269052	0.020495	0.0476166
04:16:11	-0.00641306	-0.0229766	0.0302352	0.0537865
04:16:26	-0.00349432	-0.024579	0.0229764	0.0531871
04:16:41	-0.00364965	-0.0304632	0.0301189	0.0605257
04:16:56	-5.87804e-05	-0.0269812	0.0291138	0.0639165
04:17:11	-0.00471888	-0.0236342	0.0285684	0.0642117
04:17:26	-0.00405454	-0.0237934	0.0304522	0.0438251
04:17:41	-0.00714133	-0.023252	0.0277263	0.0548554
04:17:56	-0.0038548	-0.0229567	0.032995	0.0416601
04:18:11	-0.00075688	-0.0255497	0.0327283	0.0643484
04:18:25	0.00122959	-0.0228762	0.0308325	0.0699447
04:18:41	-0.00434106	-0.0193322	0.0357465	0.0547338
04:18:56	-0.00424135	-0.0258232	0.0318104	0.0726138
04:19:11	-0.00384408	-0.0218487	0.029794	0.0498099
04:19:26	-0.00565062	-0.0307371	0.027372	0.0365498
04:19:41	-0.00770856	-0.0246329	0.0232362	0.038996
04:19:56	-0.00687036	-0.0209649	0.0327291	0.0432884
04:20:11	0.000481437	-0.0229276	0.0328495	0.06849
04:20:26	-0.000564451	-0.0282224	0.0290233	0.0395463
04:20:41	-0.00483636	-0.0288127	0.0291607	0.0526321
04:20:56	-0.00105747	-0.0248032	0.0243296	0.0527269
04:21:11	-0.00547732	-0.0258891	0.0353327	0.0374775
04:21:26	-0.00301507	-0.0274859	0.0386765	0.0444234
04:21:41	0.0033247	-0.0215029	0.0342527	0.0601348
04:21:56	0.00221646	-0.0244831	0.0254316	0.062075
04:22:11	-0.00429648	-0.021908	0.0289428	0.0652937
04:22:26	-0.0092688	-0.0272247	0.0252115	0.0628553
04:22:41	-0.0051542	-0.033141	0.0248285	0.054367
04:22:56	-0.00224754	-0.0294093	0.0362764	0.0596343
04:23:11	-0.00463545	-0.0273619	0.0257066	0.0607416
04:23:26	-0.00697984	-0.0217535	0.0361519	0.0416576
04:23:41	-0.00719887	-0.0256931	0.019691	0.0569444
04:23:56	-0.00434295	-0.0188471	0.0281917	0.0538415
04:24:11	-0.00408421	-0.0232383	0.0258302	0.0724469
04:24:26	-0.0065812	-0.0245056	0.0306471	0.0507508
04:24:41	0.000867866	-0.0277489	0.0297608	0.0419046
04:24:56	-0.00115736	-0.0253846	0.0270676	0.0694707
04:25:11	-0.00398394	-0.0264639	0.0307636	0.0645736
04:25:26	-0.00135833	-0.0255936	0.0326455	0.046435
04:25:41	-0.00384694	-0.0276447	0.030311	0.0574948
04:25:56	0.00429986	-0.0223698	0.0274601	0.0739271
04:26:11	-0.00629294	-0.0215311	0.0308057	0.0670817
04:26:26	0.00384796	-0.0251735	0.0299765	0.049309
04:26:41	0.00743151	-0.027306	0.0350712	0.0627934
04:26:56	-1.50282e-05	-0.0250024	0.0331192	0.0366452
04:27:11	-0.00821808	-0.026475	0.031253	0.054949
04:27:26	-0.00303181	-0.0269144	0.0323622	0.0462705
04:27:41	0.00058197	-0.0245008	0.0362543	0.0463213
04:27:56	-0.00336097	-0.0240485	0.0297789	0.0668296
04:28:11	-0.00546544	-0.0262523	0.029144	0.0629786
04:28:26	-0.00305105	-0.0262891	0.0310475	0.041818
04:28:41	-0.00548311	-0.0260335	0.0313674	0.0544191
04:28:56	-0.00300514	-0.0242183	0.0335296	0.061158
04:29:11	0.000117329	-0.0240452	0.0319626	0.0694546
04:29:26	0.00610229	-0.0262258	0.0258332	0.0344801
04:29:41	-0.00078073	-0.0251863	0.0276817	0.0551444
04:29:56	-0.00473704	-0.0257991	0.0265998	0.0820931
04:30:11	0.000348084	-0.0282062	0.0249085	0.0573924
04:30:26	-0.00359406	-0.022161	0.0315902	0.0563761
04:30:41	0.00171401	-0.0257707	0.0315312	0.0579839
04:30:56	-0.00877651	-0.0230377	0.0289438	0.0618131
04:31:11	-0.00754885	-0.0203884	0.0278323	0.0627536
04:31:26	-0.00349154	-0.0272934	0.0269967	0.0584784
04:31:41	-0.00111551	-0.0260676	0.0290355	0.0394134
04:31:56	0.00131192	-0.02734	0.0302231	0.0591741
04:32:11	-0.00104519	-0.0254334	0.0296283	0.0592788
04:32:25	-0.00202207	-0.0292378	0.0190678	0.0432927
04:32:40	-0.00102307	-0.0279281	0.0320544	0.0685281
04:32:56	-0.00409475	-0.0252408	0.0296868	0.0501069
04:33:11	-0.00424645	-0.0237298	0.0283924	0.0534004
04:33:26	-0.00223151	-0.0222083	0.0317973	0.0315125
04:33:41	-0.000241026	-0.0257918	0.0219132	0.0471869
04:33:56	-0.00352008	-0.0276699	0.0255021	0.0450884
04:34:11	0.000168328	-0.026442	0.0354313	0.0417823
04:34:26	-0.00343347	-0.0263127	0.0307847	0.0563591
04:34:41	-0.000512806	-0.0272102	0.0233924	0.0569313
04:34:56	-0.00606244	-0.0259768	0.0334752	0.0617924
04:35:11	-0.00548359	-0.0305803	0.0325276	0.0492327
04:35:26	-0.00214829	-0.0292555	0.0301713	0.0472338
04:35:41	-0.00580529	-0.0288166	0.0276276	0.0627954
04:35:56	-0.00513353	-0.0242565	0.0324287	0.063188
04:36:11	-0.000805781	-0.0233789	0.0264332	0.0672729
04:36:26	4.37184e-05	-0.0247293	0.0327968	0.0690726
04:36:41	0.00493939	-0.0233438	0.0324627	0.0479513
04:36:56	0.000147357	-0.0242795	0.0342833	0.0535205
04:37:11	0.00109287	-0.0267036	0.0278656	0.0560529
04:37:26	-0.000638085	-0.0229247	0.0298795	0.0361433
04:37:41	-0.00404387	-0.0227438	0.0270506	0.0616047
04:37:56	-0.00370049	-0.0281375	0.0408413	0.0585667
04:38:11	-0.00276806	-0.0272206	0.0272634	0.0627255
04:38:26	-0.00399084	-0.0223134	0.034707	0.0659636
04:38:41	-0.000851276	-0.0269179	0.033629	0.067543
04:38:56	0.000409659	-0.0267978	0.0314377	0.0435001
04:39:11	0.00214368	-0.0245736	0.0320113	0.0558858
04:39:26	-0.00799919	-0.0232099	0.0322432	0.0428917
04:39:41	-0.00162353	-0.0303513	0.0257084	0.0457018
04:39:56	-0.00129883	-0.0270113	0.0285743	0.0767928
04:40:11	-0.00380319	-0.0286815	0.0286134	0.0560313
04:40:26	0.00480062	-0.0283574	0.026231	0.0581577
04:40:41	7.02597e-05	-0.0281287	0.0279289	0.0489107
04:40:56	0.00147459	-0.0242363	0.0266188	0.0383102
04:41:11	-0.00315915	-0.0275753	0.0342517	0.0490683
04:41:26	-0.00428346	-0.0243826	0.0234228	0.0353161
04:41:41	0.000829899	-0.0253972	0.0258007	0.0579878
04:41:56	-0.0028067	-0.026364	0.0258364	0.0548092
04:42:11	-0.00355347	-0.0252743	0.0256513	0.0677688
04:42:26	-0.00338747	-0.0249409	0.0247245	0.0702441
04:42:41	-0.0133184	-0.0189038	0.0333713	0.0738797
04:42:56	-0.000989681	-0.0268664	0.0377993	0.0537916
04:43:11	-0.00437039	-0.0261836	0.0226134	0.0534509
04:43:26	-0.00531763	-0.0257018	0.0268831	0.052223
04:43:41	-0.00661174	-0.0244632	0.0360796	0.0580793
04:43:56	-0.0023943	-0.0279504	0.0378049	0.0549695
04:44:11	0.000829251	-0.0253392	0.0299364	0.0553319
04:44:26	0.00117645	-0.0234692	0.0314584	0.0574326
04:44:41	-0.00110419	-0.0231028	0.0314019	0.0565236
04:44:56	0.00237083	-0.020687	0.0319624	0.0360221
04:45:11	-0.00577653	-0.027013	0.0273822	0.0619022
04:45:26	-0.000356983	-0.0243427	0.0263122	0.0408905
04:45:41	-0.00184478	-0.0295494	0.0278019	0.0551753
04:45:56	-0.00778642	-0.027533	0.0305234	0.052919
04:46:11	-0.00640294	-0.0203801	0.0257503	0.0632776
04:46:26	-0.000793846	-0.0294377	0.0254327	0.0377504
04:46:41	-0.00414097	-0.0245687	0.021394	0.0516367
04:46:56	-0.00285709	-0.0217229	0.00792717	0.0555679
04:47:11	-0.0022357	-0.023425	0.0109458	0.0596782
04:47:26	-0.00132345	-0.0234503	0.0238103	0.0674985
04:47:41	-0.00397651	-0.0233835	0.0291435	0.0575727
04:47:56	-0.00911402	-0.028146	0.0258882	0.0716211
04:48:11	-0.00284154	-0.023449	0.0375909	0.0526979
04:48:26	0.000691979	-0.021223	0.0331175	0.0584089
04:48:41	-0.0020143	-0.0279817	0.0291346	0.0388021
04:48:56	-0.00584216	-0.0220177	0.023139	0.0548787
04:49:11	-0.00279953	-0.0245063	0.0348665	0.0486952
04:49:26	-0.00449417	-0.0228737	0.0151579	0.0528398
04:49:41	-0.000380928	-0.0241002	0.0287125	0.0563257
04:49:56	-0.00406321	-0.0230315	0.0330501	0.0669824
04:50:11	-0.00197038	-0.0268218	0.0345641	0.0585703
04:50:26	0.00109312	-0.0275657	0.0374868	0.062875
04:50:41	-0.00150821	-0.0252974	0.0322375	0.0497057
04:50:56	-0.00269049	-0.0286416	0.0278974	0.0612286
04:51:11	0.00132067	-0.0259735	0.0288472	0.0877497
04:51:26	0.000997663	-0.0246448	0.0378817	0.0462226
04:51:41	-0.00107913	-0.0243602	0.0283336	0.0735276
04:51:56	-0.00322751	-0.0250697	0.0280569	0.0447972
04:52:11	0.00123022	-0.0264241	0.0269696	0.0635918
04:52:26	-0.00628732	-0.0234246	0.0249609	0.0461408
04:52:41	0.000311025	-0.0209815	0.0218159	0.0344156
04:52:56	-0.00369227	-0.0245585	0.0343927	0.0621107
04:53:11	-0.00243618	-0.0275772	0.0245189	0.0607527
04:53:26	-0.000604997	-0.0270986	0.025453	0.0640914
04:53:41	-0.00377708	-0.0185463	0.034476	0.082948
04:53:56	0.000853243	-0.023222	0.024683	0.0500198
04:54:11	-0.000809458	-0.0231853	0.0316278	0.0677723
04:54:26	0.00053649	-0.0235355	0.0267395	0.0701679
04:54:41	-0.0011226	-0.0229592	0.0318728	0.0371473
04:54:56	0.000688245	-0.0236144	0.025494	0.0395556
04:55:11	-0.00281361	-0.0258299	0.0285583	0.063808
04:55:26	-0.000115144	-0.0231456	0.0328906	0.0700808
04:55:41	-0.000503096	-0.0231205	0.0272432	0.0558298
04:55:56	0.00179793	-0.0257182	0.0240584	0.0575602
04:56:11	-0.00266184	-0.0241755	0.0284112	0.0450582
04:56:26	-0.00613415	-0.0268754	0.033543	0.048101
04:56:41	-0.00303281	-0.0279263	0.0346586	0.0623067
04:56:56	0.00130749	-0.026578	0.0340925	0.0571367
04:57:11	-0.000416688	-0.0256841	0.0305108	0.0762685
04:57:26	-0.00331922	-0.0248726	0.0290716	0.0268596
04:57:41	-0.00359516	-0.0244444	0.0295787	0.0462674
04:57:56	-0.00657261	-0.0257568	0.0275187	0.0616419
04:58:11	-0.00634187	-0.0305664	0.0274805	0.052185
04:58:26	-0.00829101	-0.0202544	0.033133	0.0685616
04:58:41	-0.00321184	-0.0244026	0.0326897	0.0690014
04:58:56	-0.00469874	-0.0248984	0.0337563	0.0651438
04:59:11	-0.00237413	-0.023462	0.0258014	0.0679855
04:59:26	-0.00280324	-0.0276704	0.0313628	0.041046
04:59:41	-0.000358309	-0.029618	0.0267321	0.0723631
04:59:56	-0.00614165	-0.0220889	0.031196	0.0808175
05:00:11	-0.00544708	-0.0239794	0.0343365	0.0823008
05:00:26	0.005288	-0.0197144	0.0304066	0.0528327
05:00:41	0.000992702	-0.0292944	0.0300703	0.0723423
05:00:55	-0.00712922	-0.026571	0.0258479	0.0611681
05:01:11	0.0030436	-0.02522	0.0268825	0.0700143
05:01:25	0.000592006	-0.0265632	0.0261908	0.0501998
05:01:41	-0.0102704	-0.0332412	0.0229582	0.0549337
05:01:56	0.00100323	-0.02278	0.0329797	0.0378006
05:02:11	0.00474453	-0.0282298	0.0314952	0.0616423
05:02:26	-0.000552663	-0.0238157	0.0301903	0.0396255
05:02:41	-0.00618048	-0.0274555	0.0262113	0.072757
05:02:56	-0.00797852	-0.0247463	0.0363298	0.0434154
05:03:11	0.00338894	-0.0202358	0.0293192	0.0327212
05:03:26	0.00171153	-0.0266895	0.0258003	0.0538354
05:03:41	-0.00368217	-0.0204242	0.030749	0.0634402
05:03:56	-0.00500137	-0.0254075	0.0329486	0.0560635
05:04:11	-0.00391201	-0.0271544	0.0250186	0.0317447
05:04:26	-0.00390263	-0.027846	0.0300645	0.0535175
05:04:41	-0.00677427	-0.018979	0.0340169	0.0575058
05:04:56	-0.00575322	-0.0259469	0.0209774	0.0663758
05:05:11	-0.000927461	-0.0273133	0.0305263	0.0525057
05:05:26	-0.000755683	-0.0237196	0.0322461	0.051653
05:05:41	-0.00392221	-0.0231036	0.0353719	0.0620966
05:05:56	-0.00140343	-0.0288682	0.0229383	0.0517362
05:06:11	-0.00300356	-0.0227126	0.0342953	0.0518449
05:06:26	0.00169623	-0.0302709	0.0287818	0.0586571
05:06:41	-0.00193397	-0.0259547	0.0210886	0.0480552
05:06:56	-0.00439421	-0.0261183	0.0283048	0.0677182
05:07:11	-0.00537155	-0.0285799	0.0301357	0.0792312
05:07:26	-0.00336931	-0.0274489	0.0273913	0.0522631
05:07:41	-0.00808259	-0.0253611	0.0225347	0.0704126
05:07:56	-0.00347059	-0.0266692	0.0366927	0.0700294
05:08:11	0.003194	-0.0237966	0.0312612	0.0657578
05:08:26	-0.00424487	-0.0262992	0.0236294	0.0628848
05:08:41	0.00165816	-0.0240568	0.031012	0.052759
05:08:56	-0.00375561	-0.0247071	0.0340444	0.0764781
05:09:11	-0.00118469	-0.0237751	0.0276667	0.0467543
05:09:25	-0.00198895	-0.025287	0.0340716	0.0794325
05:09:41	-0.00644576	-0.0285545	0.0246905	0.0712605
05:09:56	-0.00209753	-0.0242334	0.0278825	0.0509627
05:10:11	0.00103733	-0.0235763	0.0363773	0.0668723
05:10:26	-0.0059684	-0.0262241	0.0245138	0.0494704
05:10:41	0.000226498	-0.0247934	0.0206687	0.0382765
05:10:56	-0.00563458	-0.0258843	0.0282033	0.056994
05:11:11	-0.00371675	-0.0243388	0.0261625	0.051111
05:11:26	0.000925388	-0.0199057	0.0335655	0.0552471
05:11:41	-0.000948408	-0.0295137	0.0316759	0.0569528
05:11:56	-0.00617045	-0.0258432	0.0298816	0.0683785
05:12:11	0.000667348	-0.0243903	0.0298755	0.0474707
05:12:26	-0.00114021	-0.0239523	0.0241277	0.0815629
05:12:41	-0.00370227	-0.0233432	0.0341624	0.0488053
05:12:56	0.000763386	-0.0238562	0.0392257	0.0492712
05:13:11	-0.00415796	-0.022315	0.0252653	0.0518248
05:13:26	-0.00350467	-0.0269093	0.0336034	0.0413852
05:13:41	4.96012e-05	-0.0210464	0.0268263	0.0702957
05:13:56	-0.0044807	-0.0233458	0.0242596	0.0480311
05:14:11	-0.00429597	-0.0226687	0.0325917	0.0378019
05:14:26	-0.00298075	-0.0224597	0.0315695	0.0444415
05:14:41	-0.00152968	-0.0269523	0.025657	0.0655548
05:14:56	-0.00574779	-0.0197853	0.018579	0.0696082
05:15:11	-0.00332006	-0.0213801	0.0231346	0.0479475
05:15:26	-0.00325345	-0.0225141	0.0212944	0.0545011
05:15:41	-0.00668715	-0.0222392	0.0254952	0.0590806
05:15:56	-0.00128326	-0.0223272	0.028945	0.0905303
05:16:11	0.00156522	-0.0212833	0.0289367	0.0414828
05:16:26	-0.00628605	-0.021083	0.0300213	0.0544724
05:16:41	-0.00399647	-0.0275718	0.0263261	0.0430122
05:16:56	-7.79277e-08	-0.0182532	0.026455	0.0548023
05:17:11	-0.00304221	-0.0228065	0.0219259	0.0650239
05:17:26	-0.00158419	-0.0213759	0.0297426	0.0769981
05:17:41	-0.00580593	-0.0223533	0.0260289	0.0548521
05:17:56	-0.00254325	-0.0215256	0.0261781	0.0473733
05:18:11	-0.00264982	-0.0257703	0.025718	0.0601092
05:18:26	-0.00210993	-0.0186188	0.0284128	0.0613993
05:18:41	-0.00566483	-0.0239511	0.0105147	0.0513862
05:18:56	-0.00790398	-0.0177615	0.00642458	0.0751311
05:19:11	-0.00643937	-0.0195551	0.0189809	0.0736408
05:19:26	-0.00486329	-0.019326	0.0180748	0.0376084
05:19:41	0.00301445	-0.0218476	0.0205257	0.0613545
05:19:56	-0.00229936	-0.0246552	0.0302315	0.0555035
05:20:11	-0.00634562	-0.022546	0.0272671	0.0542954
05:20:26	0.00121004	-0.0246153	0.0298375	0.0451301
05:20:41	-0.00433911	-0.0208289	0.0249059	0.0415922
05:20:56	-0.00355899	-0.0185643	0.0221829	0.0345198
05:21:11	-0.00394346	-0.0231631	0.0238458	0.0396887
05:21:26	-0.0019791	-0.0205056	0.0211305	0.0567603
05:21:41	-0.0041921	-0.0214805	0.0234424	0.0428393
05:21:56	-0.00540338	-0.0252566	0.0258171	0.0402855
05:22:11	0.0021727	-0.0211982	0.0224509	0.0569596
05:22:26	0.000281252	-0.0239224	0.0235713	0.0773878
05:22:41	-0.0042801	-0.0237869	0.0194201	0.0687448
05:22:56	-0.00195929	-0.0214371	0.0247767	0.0682216
05:23:11	0.00179788	-0.0216639	0.0310177	0.0632056
05:23:26	-0.00327945	-0.0250908	0.0185194	0.0580111
05:23:41	-0.000306883	-0.0197632	0.0259391	0.0371915
05:23:56	-0.00283771	-0.0249277	0.0190804	0.0472488
05:24:11	-0.00183296	-0.0244041	0.0287466	0.0571199
05:24:26	-0.000192627	-0.023726	0.0270583	0.030265
05:24:41	5.14114e-05	-0.0233282	0.0317167	0.0589474
05:24:55	-0.000890453	-0.0234288	0.025457	0.0593338
05:25:11	-0.00252855	-0.0215637	0.0299402	0.0587611
05:25:25	-0.00193129	-0.0228275	0.028085	0.0639085
05:25:41	-0.00306543	-0.022019	0.0217147	0.0598182
05:25:56	-0.00398329	-0.021826	0.0315267	0.0518512
05:26:11	0.00421719	-0.0230867	0.028651	0.0607788
05:26:26	-0.0037545	-0.0220375	0.0275236	0.047418
05:26:41	-0.00341562	-0.0250834	0.0213847	0.055169
05:26:56	-4.17511e-05	-0.0218731	0.0214902	0.0547355
05:27:11	-0.00398999	-0.0231765	0.0314581	0.0428176
05:27:26	-0.00427452	-0.0206847	0.0324913	0.0395649
05:27:41	-0.0033232	-0.0244926	0.0264243	0.0417433
05:27:56	-0.00067197	-0.0191515	0.0188893	0.0521828
05:28:11	-0.000530917	-0.0197109	0.0283785	0.0430754
05:28:26	-0.0037166	-0.0230462	0.0260894	0.0539048
05:28:41	-0.00310516	-0.0200064	0.0247809	0.047131
05:28:56	-0.000833058	-0.0184722	0.0235792	0.036184
05:29:11	0.00103693	-0.0196379	0.0241613	0.0602769
05:29:26	0.00161562	-0.0259425	0.019216	0.0627936
05:29:41	0.00167649	-0.0224045	0.0190392	0.0548169
05:29:56	0.00175311	-0.022494	0.0266778	0.0651009
05:30:11	-0.0032337	-0.0227869	0.0264568	0.0661898
05:30:26	-0.00217873	-0.0205911	0.0250506	0.054885
05:30:41	0.00535552	-0.0213719	0.0257711	0.052695
05:30:56	-0.00442608	-0.0219441	0.0315375	0.0766779
05:31:11	-0.00999308	-0.0199756	0.0277326	0.0187115
05:31:26	-0.00673287	-0.0262381	0.0300436	0.0727731
05:31:41	-0.0015515	-0.0250173	0.0266989	0.0353989
05:31:56	-0.00644692	-0.0211654	0.0285494	0.0474039
05:32:11	-0.00158341	-0.0200488	0.0187406	0.0618199
05:32:26	0.00285916	-0.0206222	0.0241238	0.0407858
05:32:41	-0.000704336	-0.0253204	0.0241958	0.0517178
05:32:56	-0.000552649	-0.0202171	0.0237797	0.0585917
05:33:11	-0.00269641	-0.0177209	0.0290841	0.0612631
05:33:26	-0.000746993	-0.0234804	0.0234056	0.0539583
05:33:41	-0.00376155	-0.0220255	0.0271756	0.0631555
05:33:55	0.00220702	-0.0230764	0.031992	0.0538001
05:34:11	-0.00351667	-0.0217143	0.0191369	0.0672104
05:34:26	0.00166347	-0.0236367	0.0253057	0.0503777
05:34:41	-0.000979068	-0.0194715	0.0263018	0.0554904
05:34:56	-0.00162363	-0.0226878	0.0339204	0.0317627
05:35:11	-0.0015063	-0.0195879	0.0200513	0.0342963
05:35:26	-0.00170052	-0.0207176	0.0209288	0.0451929
05:35:41	-0.000254402	-0.0201236	0.0267617	0.0683991
05:35:56	-0.00138348	-0.0182942	0.0251705	0.0536841
05:36:11	-0.00413823	-0.0185891	0.0303114	0.0590872
05:36:26	-0.00734204	-0.0218456	0.0334057	0.0491915
05:36:41	-0.000937441	-0.0276393	0.0375758	0.0510495
05:36:56	-0.00200332	-0.0215299	0.0273168	0.0447552
05:37:11	-0.00943054	-0.0213701	0.0174026	0.0431163
05:37:26	-0.00164027	-0.0228616	0.0277529	0.0405754
05:37:41	-0.0110992	-0.0226991	0.0233769	0.0543825
05:37:56	-0.00132439	-0.0215846	0.0234626	0.0321497
05:38:11	-0.00592398	-0.0189496	0.0292146	0.0628886
05:38:26	0.00138042	-0.0178409	0.0211187	0.0533299
05:38:41	-7.5832e-06	-0.022372	0.0317659	0.0510669
05:38:56	0.00161739	-0.0232734	0.029025	0.0464405
05:39:11	-0.00324775	-0.0171483	0.032115	0.0357929
05:39:26	-0.000510639	-0.0190892	0.032426	0.0337962
05:39:41	-0.00510699	-0.0197547	0.0208822	0.0260337
05:39:56	-0.00173488	-0.0225077	0.0227124	0.0691885
05:40:11	-0.00638371	-0.020289	0.0257332	0.0347513
05:40:26	-0.00921732	-0.0216326	0.0192799	0.051595
05:40:41	-0.00519415	-0.0259129	0.0225729	0.067015
05:40:56	-0.00081172	-0.021579	0.0242619	0.0559122
05:41:11	-0.00787042	-0.0219055	0.0256178	0.0572908
05:41:26	-0.00479006	-0.0189633	0.027985	0.0404985
05:41:41	-0.00144936	-0.0209191	0.0197309	0.0334288
05:41:56	0.00339541	-0.0255507	0.0257766	0.0699319
05:42:11	0.0027221	-0.0191173	0.0239072	0.0752338
05:42:26	-0.00584424	-0.0151649	0.0233882	0.0496886
05:42:41	-0.00332278	-0.0255717	0.0210701	0.0659426
05:42:56	-0.00482694	-0.0210317	0.0224864	0.0614007
05:43:11	0.00157483	-0.0204745	0.0229304	0.0354055
05:43:26	-0.00493231	-0.0208485	0.0273274	0.056519
05:43:41	-0.00408231	-0.022247	0.0165922	0.048408
05:43:56	-0.00176171	-0.0201045	0.0218226	0.0476379
05:44:11	-0.00109446	-0.0233411	0.0253141	0.0537909
05:44:26	0.00476922	-0.0194862	0.0246784	0.0562929
05:44:41	-0.00010336	-0.0160329	0.0268622	0.0560761
05:44:56	-0.00210692	-0.0169686	0.0195331	0.0461319
05:45:11	-0.00227385	-0.0155427	0.0274234	0.051733
05:45:26	-0.00235296	-0.0183644	0.0253257	0.0533601
05:45:41	-0.00413225	-0.0158864	0.0233379	0.0333705
05:45:56	0.00360013	-0.0179361	0.0264134	0.0705649
05:46:11	0.00450668	-0.0174253	0.0198796	0.0594926
05:46:26	-0.00581252	-0.0192535	0.0244606	0.0566228
05:46:41	-0.00635503	-0.0225365	0.0308326	0.0584854
05:46:56	-0.00245789	-0.0180249	0.0244518	0.0528591
05:47:11	-0.00421466	-0.0166591	0.0329653	0.0591323
05:47:26	0.000372718	-0.0179718	0.0312175	0.0401459
05:47:41	-9.73296e-05	-0.0198627	0.0287248	0.0633323
05:47:56	-0.00484803	-0.0149333	0.0263018	0.0456226
05:48:11	-0.00460075	-0.0128491	0.0239655	0.0588296
05:48:26	-0.00411996	-0.0149518	0.0266754	0.0347504
05:48:41	0.00244741	-0.017109	0.0171656	0.0540231
05:48:56	0.000571366	-0.0169187	0.023811	0.0421017
05:49:11	-0.000460267	-0.0144276	0.0244349	0.0707171
05:49:26	-0.00395263	-0.0170799	0.0264298	0.0235347
05:49:41	-0.00577918	-0.0192936	0.02987	0.0473527
05:49:56	-0.00017221	-0.0183542	0.032215	0.0433216
05:50:11	0.000713037	-0.0203106	0.0224364	0.0539327
05:50:26	-0.00226886	-0.0147843	0.0321743	0.0447953
05:50:41	-0.0111902	-0.0161249	0.0251852	0.0388531
05:50:56	-0.00119294	-0.0185099	0.0257572	0.0519753
05:51:11	-0.00353687	-0.0146636	0.0199278	0.0433499
05:51:26	-0.00446913	-0.0184176	0.0354627	0.0422873
05:51:41	-0.00878218	-0.0181839	0.0265273	0.0594875
05:51:56	-0.00553409	-0.0146856	0.0259693	0.0290841
05:52:11	-0.000566019	-0.0197559	0.0342602	0.0593664
05:52:26	-0.00624606	-0.0158206	0.0264238	0.0335065
05:52:41	-0.00858339	-0.0172661	0.0273924	0.0534184
05:52:56	0.000909356	-0.0199179	0.0353951	0.047414
05:53:11	0.00694599	-0.0113201	0.0299512	0.0496605
05:53:26	0.00257032	-0.0174641	0.0319249	0.0573538
05:53:41	0.00035856	-0.0159408	0.0245453	0.0444058
05:53:56	-0.00397863	-0.0182215	0.0245499	0.0708176
05:54:11	0.000168689	-0.0112588	0.0285021	0.0395512
05:54:26	0.00407291	-0.0214696	0.0290388	0.0602462
05:54:41	-0.00142464	-0.0148781	0.0277352	0.0710017
05:54:56	-0.00368445	-0.0171182	0.0276	0.05827
05:55:11	0.00116398	-0.014838	0.0354367	0.038364
05:55:26	-2.7518e-05	-0.0131767	0.0265472	0.0379086
05:55:41	0.00263624	-0.0169011	0.0342315	0.0431576
05:55:56	-0.00418351	-0.0150419	0.0245401	0.0428084
05:56:11	0.00018232	-0.0137093	0.0221457	0.0526946
05:56:26	-0.00468378	-0.0139115	0.0214174	0.0646503
05:56:41	-0.00245792	-0.0156362	0.0245812	0.0582147
05:56:56	-0.0029735	-0.0170941	0.02365	0.0256145
05:57:11	-0.00164966	-0.012101	0.0203531	0.0521985
05:57:26	-0.00175059	-0.0154017	0.0238706	0.0415653
05:57:41	-0.00427569	-0.014098	0.0297778	0.0716571
05:57:56	-0.000595373	-0.0117718	0.0299417	0.0481658
05:58:11	-0.00332788	-0.0165719	0.0241864	0.0641896
05:58:26	-0.00164519	-0.0181694	0.026137	0.0320411
05:58:41	0.00123253	-0.0132229	0.0293471	0.0528495
05:58:56	-0.000967964	-0.0144095	0.0297702	0.040369
05:59:11	-0.00561096	-0.0127844	0.0280494	0.0435844
05:59:26	0.000495017	-0.0132236	0.0302014	0.0287782
05:59:41	-0.000817068	-0.0173862	0.0333075	0.0369865
05:59:56	0.00135861	-0.0170357	0.0191254	0.0361407
