Relative Time	Peak at 829 cm-1	Peak at 1216 cm-1	Peak at 1714 cm-1	Peak at 1753 cm-1
00:00:26	0.000527736	-0.0016649	0.0118591	0.00990613
00:00:56	9.17864e-06	-0.00188005	0.0166088	0.0181784
00:01:26	-0.00347412	-0.00282709	0.0154681	0.0212004
00:01:56	0.00194646	-0.00441462	0.0168271	0.0135615
00:02:26	0.000174023	-0.00218103	0.0173912	0.015581
00:02:56	-0.00079287	-0.00339487	0.0181308	0.0204069
00:03:26	0.000616523	-0.0050987	0.0140708	0.0197867
00:03:56	-0.00100427	-0.0031657	0.0230878	0.0315582
00:04:26	-0.00354932	-0.00256099	0.0161179	0.0268328
00:04:56	-0.00403394	-0.00280097	0.018633	0.0368218
00:05:26	-0.000326403	-0.00384806	0.0168531	0.031766
00:05:56	7.84268e-05	-0.00463575	0.0216817	0.0302619
00:06:25	0.000173192	-0.00461581	0.0197549	0.0213879
00:06:55	-0.00162093	-0.00456414	0.020482	0.026247
00:07:26	-0.00171141	-0.00327348	0.0187305	0.0382979
00:07:56	0.00126891	-0.00475543	0.0189989	0.030701
00:08:26	-0.00124624	-0.00536408	0.0234733	0.0283288
00:08:56	0.00273494	0.0564816	0.0414911	0.0811039
00:09:26	0.061262	0.813868	0.34032	0.617714
00:09:56	0.189665	2.0249	0.973705	1.42822
00:10:26	0.167979	1.69826	0.852155	1.19161
00:10:56	0.10033	1.0469	0.533036	0.756801
00:11:26	0.0452397	0.488625	0.263834	0.384652
00:11:56	0.0211259	0.260231	0.1496	0.231798
00:12:26	0.0178386	0.161687	0.0944922	0.150413
00:12:54	0.00213833	0.0425158	0.0458828	0.0633144
00:13:25	-0.00058496	0.00331359	0.0307667	0.042387
00:13:56	0.000216866	-0.00672138	0.0319105	0.0298775
00:14:26	0.00129519	-0.00600173	0.0217902	0.046768
00:14:56	0.000591967	0.0921721	0.0155713	0.103532
00:15:26	0.0465388	0.807759	0.150096	0.579838
00:15:56	0.124537	1.64942	0.473834	1.12169
00:16:26	0.104159	1.37465	0.425891	0.926783
00:16:56	0.0690328	0.967622	0.301118	0.648134
00:17:26	0.0441877	0.658926	0.199982	0.470886
00:17:56	0.0196066	0.388796	0.120484	0.278658
00:18:24	0.00911119	0.226749	0.0708839	0.180689
00:18:55	0.00426296	0.128756	0.0494173	0.121688
00:19:26	7.50478e-05	0.0358975	0.0270606	0.0579737
00:19:56	-0.000510502	0.000975171	0.0220551	0.0477106
00:20:25	0.00232543	0.00690883	0.0227038	0.0444985
00:20:56	0.00553889	0.193401	0.023394	0.17838
00:21:24	0.0654723	1.01088	0.218588	0.73136
00:21:56	0.11453	1.4303	0.421023	0.969321
00:22:26	0.0798933	1.05094	0.31365	0.721447
00:22:56	0.0388112	0.561263	0.17119	0.403257
00:23:26	0.0158126	0.261059	0.0863312	0.209356
00:23:56	0.00361608	0.139564	0.0595054	0.133698
00:24:26	0.00377267	0.0824554	0.036037	0.105909
00:24:55	-0.000983257	0.0148974	0.0252647	0.0486081
00:25:26	0.00109284	0.000555256	0.0253826	0.0611948
00:25:56	-0.00415278	-0.00496236	0.0274363	0.0471572
00:26:26	0.00262921	0.0126155	0.0234941	0.067011
00:26:55	0.0110055	0.253321	0.0254041	0.221672
00:27:26	0.0763779	1.07635	0.240938	0.752501
00:27:55	0.0949504	1.1824	0.342001	0.813794
00:28:25	0.0569802	0.795905	0.230248	0.55576
00:28:56	0.0236665	0.379889	0.117038	0.291236
00:29:26	0.00734729	0.182911	0.0657637	0.170435
00:29:55	0.00580001	0.104989	0.0454172	0.135774
00:30:26	0.00204149	0.0404718	0.0287059	0.0820994
00:30:55	-0.00430905	0.0039735	0.0322397	0.0588008
00:31:26	0.000408083	-0.0074662	0.02923	0.057232
00:31:56	-0.00183684	-0.00962314	0.0314382	0.0502872
00:32:26	0.0016403	0.0116264	0.0235894	0.0691883
00:32:56	0.0120453	0.256598	0.0297092	0.222848
00:33:26	0.0685114	0.929232	0.190409	0.664783
00:33:56	0.0769768	0.966492	0.26423	0.673057
00:34:26	0.0418953	0.608672	0.16806	0.441918
00:34:56	0.0166366	0.277417	0.0813291	0.234476
00:35:25	0.0111859	0.139283	0.0541343	0.14482
00:35:55	0.00154882	0.0801163	0.0396186	0.112138
00:36:25	-0.00196939	0.0158648	0.0305544	0.0674376
00:36:56	-0.000841876	-0.00364714	0.0377274	0.0593142
00:37:26	-0.00117633	-0.0077363	0.0335088	0.0598085
00:37:55	-0.000413179	-0.00952403	0.029966	0.0577477
00:38:26	-0.000812223	0.0316581	0.0201626	0.0845511
00:38:56	0.0165874	0.362652	0.0380648	0.300213
00:39:26	0.0657586	0.841102	0.165822	0.599076
00:39:56	0.0540335	0.70961	0.170738	0.507799
00:40:26	0.0287317	0.38304	0.0965279	0.303982
00:40:56	0.00883264	0.171283	0.0543755	0.182064
00:41:26	0.00350569	0.0980024	0.0430934	0.13447
00:41:56	0.00020659	0.0477684	0.0287953	0.101715
00:42:26	-0.00256117	0.00238081	0.0284343	0.067167
00:42:55	-0.000747629	-0.00719913	0.0296635	0.0692685
00:43:26	-0.00321514	-0.00499185	0.034798	0.0585391
00:43:56	-0.00240525	-0.0125167	0.0349391	0.0631234
00:44:26	-0.00189129	0.00873674	0.0317818	0.0604085
00:44:56	0.00418014	0.176948	0.0078475	0.176229
00:45:26	0.0391114	0.568885	0.0575473	0.427805
00:45:56	0.0421755	0.579846	0.103377	0.444143
00:46:26	0.0289918	0.386522	0.0731248	0.304719
00:46:56	0.0105057	0.170985	0.0444752	0.173473
00:47:26	0.0055447	0.0961114	0.0370428	0.111998
00:47:55	0.00213406	0.0516041	0.0338868	0.103428
00:48:25	-0.00282181	0.00274398	0.0339306	0.0841614
00:48:55	-0.00160005	-0.0113078	0.0372909	0.0686244
00:49:25	-0.00373829	-0.00997193	0.0352123	0.0679367
00:49:55	-0.000894364	-0.0138325	0.0368571	0.0733162
00:50:25	0.000791989	0.00783458	0.0317753	0.087943
00:50:56	0.00658964	0.170072	-0.00324019	0.177448
00:51:26	0.0304004	0.421138	-0.00242627	0.328394
00:51:55	0.0269103	0.390992	0.0282439	0.301091
00:52:25	0.0185435	0.271179	0.0278605	0.232305
00:52:55	0.00499429	0.129022	0.0298147	0.16069
00:53:25	0.00203176	0.0763119	0.0317086	0.114552
00:53:56	-0.00233504	0.0326644	0.0312199	0.0962745
00:54:26	0.00014856	-0.00127552	0.0370864	0.0834041
00:54:56	-0.00110046	-0.0100613	0.0399943	0.0785419
00:55:26	-0.00340348	-0.0133771	0.0446344	0.0568624
00:55:56	-0.0044698	-0.0105945	0.0388256	0.0703957
00:56:26	-0.00344261	0.00109747	0.0360243	0.0723313
00:56:56	0.00435296	0.0986249	-0.00580917	0.12398
00:57:26	0.0194864	0.276312	-0.0497052	0.23312
00:57:56	0.0193288	0.264705	-0.0157653	0.218571
00:58:26	0.0103377	0.194309	-0.00716106	0.180752
00:58:56	0.00384434	0.106781	0.0128067	0.132431
00:59:26	0.00309972	0.0623193	0.0233496	0.111008
00:59:56	0.000678782	0.0187012	0.0309626	0.0905411
01:00:26	-0.0022613	-0.000919447	0.0411669	0.0784019
01:00:55	-0.00374196	-0.0116349	0.0426498	0.072778
01:01:25	-0.00523829	-0.0140124	0.0441676	0.0910221
01:01:56	-0.00166332	-0.0107355	0.0440347	0.0818443
01:02:25	-0.00456267	-0.00333712	0.0407245	0.0874219
01:02:55	0.00179092	0.0593897	0.0112383	0.118369
01:03:26	0.00961129	0.181056	-0.0526752	0.168651
01:03:56	0.00982773	0.178387	-0.0365844	0.170744
01:04:26	0.00659861	0.122521	-0.00870898	0.150613
01:04:56	0.000122159	0.074816	0.004628	0.115947
01:05:26	-0.00151177	0.0255125	0.0274929	0.0941128
01:05:56	-0.0022769	-0.00285445	0.0385217	0.0889066
01:06:26	-0.00573023	-0.00952355	0.0436057	0.0713365
01:06:56	0.000593119	-0.0115225	0.0468779	0.0727228
01:07:26	-0.00411411	-0.0126154	0.0450175	0.0674578
01:07:56	-0.00497562	-0.0135998	0.0470146	0.0821614
01:08:25	-0.000361646	0.0277835	0.0712924	0.115433
01:08:56	0.093344	0.789936	0.536935	0.569804
01:09:26	0.368581	2.524	1.81557	1.56315
01:09:55	0.362715	2.38347	1.78394	1.44683
01:10:25	0.273784	1.82884	1.37685	1.13225
01:10:55	0.173663	1.18225	0.904139	0.754647
01:11:26	0.0996665	0.715046	0.561886	0.501657
01:11:55	0.0532163	0.395453	0.332366	0.314155
01:12:25	0.0290854	0.218924	0.207995	0.23002
01:12:55	0.00873878	0.073354	0.109215	0.136245
01:13:25	0.00276268	-0.00100741	0.061705	0.0843342
01:13:56	-0.00269521	-0.00805841	0.0494118	0.0812841
01:14:26	-0.000568418	0.0777846	0.0561308	0.134222
01:14:56	0.100985	0.935098	0.471112	0.606324
01:15:26	0.301751	2.1226	1.36125	1.22637
01:15:56	0.265741	1.83701	1.24287	1.06635
01:16:26	0.193346	1.38195	0.945822	0.821863
01:16:56	0.119914	0.890841	0.611431	0.551411
01:17:26	0.0701133	0.558508	0.38665	0.378131
01:17:56	0.0402831	0.312653	0.238424	0.242859
01:18:26	0.0153657	0.171117	0.153396	0.190233
01:18:56	0.0103027	0.0858253	0.0989502	0.131112
01:19:26	-0.000335821	0.00779468	0.0563494	0.091591
01:19:56	0.000106131	0.00814059	0.0493386	0.0919593
01:20:26	0.0310771	0.338343	0.163574	0.265272
01:20:55	0.206908	1.54286	0.923742	0.903726
01:21:26	0.278975	1.8567	1.27905	1.06289
01:21:56	0.210859	1.43475	0.999595	0.822953
01:22:25	0.139887	1.01612	0.712	0.598775
01:22:55	0.0856065	0.640463	0.449197	0.414278
01:23:26	0.0512188	0.374582	0.273863	0.287338
01:23:56	0.0270325	0.209379	0.172875	0.203771
01:24:25	0.0114629	0.115667	0.120315	0.160326
01:24:55	0.00142626	0.0213299	0.0678503	0.101084
01:25:25	-0.0036517	-0.00928389	0.0528545	0.0688345
01:25:56	-3.48184e-05	0.018022	0.0467743	0.0947333
01:26:26	0.0563055	0.490048	0.263243	0.354891
01:26:56	0.242055	1.62561	1.0623	0.898915
01:27:26	0.250456	1.60402	1.15131	0.867178
01:27:56	0.185588	1.22603	0.880646	0.689958
01:28:26	0.122604	0.828773	0.602266	0.499549
01:28:56	0.0709901	0.514777	0.37465	0.338857
01:29:26	0.0359615	0.288815	0.22367	0.234223
01:29:56	0.0174003	0.162424	0.151242	0.166693
01:30:26	0.00834273	0.0791892	0.100488	0.130618
01:30:56	-0.000192162	0.00212739	0.0569423	0.098062
01:31:26	-0.00029914	-0.0143501	0.0484287	0.0867851
01:31:56	-0.00025856	0.0464929	0.0587063	0.105001
01:32:26	0.0855378	0.675309	0.407104	0.422453
01:32:55	0.254219	1.57157	1.1252	0.822009
01:33:25	0.219028	1.33967	0.997026	0.713279
01:33:56	0.155529	0.974885	0.735013	0.531662
01:34:26	0.0960775	0.65241	0.492091	0.398336
01:34:56	0.0488139	0.384214	0.297893	0.27261
01:35:26	0.0252574	0.213446	0.18723	0.201174
01:35:56	0.0142726	0.112725	0.118904	0.148396
01:36:26	0.00402018	0.0314225	0.0729263	0.115211
01:36:56	-0.00200611	-0.00780019	0.0515968	0.0854305
01:37:25	-0.00361156	-0.0118955	0.0497978	0.0964728
01:37:56	0.00397791	0.0546123	0.0665173	0.120373
01:38:25	0.0954138	0.645114	0.42021	0.383774
01:38:56	0.242863	1.40174	1.06356	0.701089
01:39:26	0.192185	1.12848	0.884752	0.579335
01:39:56	0.105936	0.660731	0.52922	0.386409
01:40:26	0.0505215	0.312699	0.271459	0.227667
01:40:55	0.0219307	0.144412	0.154311	0.158321
01:41:26	0.0114387	0.0793658	0.105203	0.125467
01:41:56	-0.00133809	0.01828	0.0670477	0.0966578
01:42:26	0.00207085	-0.0109847	0.0515465	0.0750858
01:42:56	-0.00395413	-0.0162403	0.0514593	0.101682
01:43:26	-0.0052175	-0.0182124	0.0502203	0.0844085
01:43:56	-0.00280243	0.0188211	0.051699	0.0930578
01:44:26	0.0631828	0.425825	0.303984	0.271709
01:44:56	0.219753	1.18009	0.94046	0.576963
01:45:26	0.194857	1.03735	0.870302	0.512867
01:45:56	0.109315	0.614575	0.521446	0.348578
01:46:26	0.0492699	0.285087	0.263306	0.213501
01:46:56	0.02149	0.134939	0.149768	0.150221
01:47:26	0.0116429	0.076324	0.103594	0.122778
01:47:56	-0.000731441	0.011021	0.0608332	0.0979479
01:48:26	-0.00138241	-0.013436	0.0544394	0.0974265
01:48:55	-0.00347005	-0.0163287	0.0546153	0.0963959
01:49:25	-0.000751294	-0.0141316	0.0534605	0.0924536
01:49:55	0.009321	0.0873539	0.0901994	0.130015
01:50:25	0.124424	0.662741	0.553647	0.330889
01:50:55	0.218994	1.03527	0.936717	0.460666
01:51:26	0.142985	0.726962	0.658491	0.351731
01:51:56	0.0630846	0.355735	0.337075	0.223447
01:52:25	0.0305839	0.15954	0.178174	0.1461
01:52:56	0.0177445	0.0831115	0.117458	0.135648
01:53:26	0.00216761	0.0316506	0.0759868	0.114827
01:53:55	0.000424405	-0.00788541	0.0565704	0.0865473
01:54:26	-0.00492123	-0.0160477	0.0529965	0.101635
01:54:56	-0.00212783	-0.0159874	0.0533214	0.0947538
01:55:26	-0.000374853	0.00656899	0.0519251	0.114992
01:55:55	0.0448458	0.23648	0.217509	0.15682
01:56:26	0.190809	0.818719	0.81003	0.324656
01:56:55	0.178749	0.768991	0.778861	0.325219
01:57:26	0.0915337	0.426131	0.434724	0.231056
01:57:55	0.0385942	0.190098	0.22253	0.164286
01:58:26	0.0172799	0.094111	0.132819	0.118169
01:58:56	0.00526141	0.045755	0.089745	0.108455
01:59:25	0.00418182	-0.00488662	0.0584577	0.0921586
01:59:56	-0.00261652	-0.0176488	0.0523313	0.0889921
02:00:26	-0.000738298	-0.0146249	0.0503926	0.105689
02:00:56	-0.00620762	-0.0134012	0.0521187	0.0933044
02:01:26	0.00688019	0.0475358	0.0785753	0.103804
02:01:56	0.110049	0.411746	0.465983	0.177137
02:02:26	0.198495	0.703011	0.830701	0.220985
02:02:56	0.133447	0.508576	0.594455	0.194287
02:03:26	0.0526707	0.232417	0.281557	0.150148
02:03:56	0.022148	0.103774	0.156499	0.123466
02:04:26	0.0138593	0.0537436	0.104111	0.103643
02:04:56	0.00250239	0.00364574	0.0666963	0.098887
02:05:26	-0.00195199	-0.0172648	0.0569048	0.0974638
02:05:56	-0.00120689	-0.0176834	0.0523138	0.101221
02:06:26	-0.00274344	-0.0220504	0.053664	0.0857681
02:06:56	0.00235731	-0.00627952	0.0547782	0.106738
02:07:26	0.0195594	0.424124	0.147232	0.441776
02:07:56	0.127933	2.57989	0.744415	2.09661
02:08:26	0.195415	3.41053	1.07057	2.6725
02:08:56	0.150092	2.67393	0.860879	2.12054
02:09:26	0.102877	1.82943	0.600728	1.49926
02:09:55	0.0642496	1.1463	0.388415	0.994711
02:10:25	0.033888	0.649587	0.240264	0.60474
02:10:55	0.0185225	0.362491	0.162166	0.387034
02:11:25	0.0041709	0.18358	0.11141	0.254086
02:11:55	-0.00126971	0.0171819	0.067969	0.127296
02:12:25	-0.00337587	-0.0107469	0.05991	0.101874
02:12:55	-0.00424461	0.0140973	0.0503656	0.132251
02:13:25	0.012625	0.638167	0.0732107	0.598598
02:13:56	0.0799708	2.64703	0.333945	2.13307
02:14:25	0.0992132	2.80807	0.439659	2.23799
02:14:55	0.0739575	2.18755	0.366282	1.75076
02:15:25	0.0515153	1.48628	0.261125	1.21578
02:15:56	0.0230089	0.936393	0.173101	0.793636
02:16:26	0.0124977	0.55461	0.117858	0.523011
02:16:55	0.00515798	0.311351	0.0813434	0.330008
02:17:26	0.00335077	0.173769	0.0706112	0.23969
02:17:55	-0.00216923	0.0427083	0.0509392	0.137419
02:18:25	-0.00547538	-0.00503887	0.0480564	0.0939276
02:18:55	-0.00507008	0.0372695	0.047676	0.132784
02:19:26	0.0169669	0.816609	0.0799145	0.754974
02:19:56	0.0791094	2.67369	0.312738	2.15441
02:20:24	0.0835029	2.55418	0.362139	2.04888
02:20:56	0.060928	1.90388	0.293028	1.53605
02:21:26	0.0381143	1.29077	0.210605	1.07912
02:21:56	0.0184421	0.80683	0.142676	0.697492
02:22:26	0.00944905	0.467445	0.0993844	0.451444
02:22:56	0.00371344	0.261324	0.0726103	0.286347
02:23:26	-0.00338384	0.135215	0.05863	0.198151
02:23:56	-0.00564849	0.0160224	0.0505823	0.0999435
02:24:26	-0.00556016	-0.00882904	0.0509025	0.0986231
02:24:56	-0.00234393	0.0636746	0.0436403	0.143945
02:25:26	0.0138497	0.988146	0.0823806	0.877174
02:25:56	0.0762381	2.62432	0.285329	2.13449
02:26:26	0.0691596	2.26417	0.298403	1.82759
02:26:56	0.0481887	1.64664	0.232715	1.36283
02:27:26	0.0289442	1.11783	0.167102	0.952461
02:27:56	0.0157839	0.685043	0.110298	0.617872
02:28:26	0.00827513	0.388287	0.0780965	0.393169
02:28:56	0.00419082	0.219462	0.0600988	0.27151
02:29:26	0.00134672	0.0961375	0.0521702	0.166551
02:29:56	-0.00228183	0.001946	0.0471367	0.107229
02:30:25	-0.00464987	-0.00895958	0.0492227	0.0994843
02:30:55	-0.00341562	0.12417	0.0363595	0.199495
02:31:25	0.0247933	1.25408	0.0823248	1.09772
02:31:56	0.0692399	2.48139	0.246477	2.03065
02:32:26	0.0546398	1.92864	0.227372	1.59516
02:32:55	0.0273431	1.22168	0.154296	1.03946
02:33:26	0.0167028	0.694154	0.103639	0.634404
02:33:56	0.00306524	0.324045	0.0737508	0.345425
02:34:25	0.00399258	0.182727	0.0598775	0.248259
02:34:55	0.000220967	0.0898954	0.049288	0.169278
02:35:26	-0.00636096	0.0029261	0.0496658	0.109557
02:35:55	-0.00206244	-0.0146031	0.0539609	0.101195
02:36:25	-0.00349388	-0.00441083	0.0473581	0.10958
02:36:56	0.000998494	0.274865	0.0297602	0.319236
02:37:26	0.0305508	1.62958	0.086371	1.39828
02:37:55	0.0576479	2.22257	0.189332	1.84778
02:38:26	0.0371349	1.54457	0.150051	1.32765
02:38:56	0.0195176	0.84632	0.100737	0.764736
02:39:25	0.00554643	0.389463	0.0706796	0.409694
02:39:55	0.00106382	0.19695	0.0568429	0.274482
02:40:25	-0.00305834	0.113778	0.0487492	0.195611
02:40:56	-0.00425495	0.0140523	0.0482492	0.111078
02:41:25	-0.00320103	-0.00972113	0.045103	0.0990797
02:41:56	-0.00461289	-0.013794	0.0490483	0.103153
02:42:25	-0.00344094	-0.0021547	0.0441651	0.106158
02:42:55	0.00273591	0.348667	0.0193807	0.38715
02:43:25	0.0284912	1.66101	0.0466471	1.45095
02:43:56	0.0397842	1.95607	0.112899	1.66326
02:44:25	0.0292183	1.29398	0.094998	1.12638
02:44:55	0.00854023	0.651818	0.0646928	0.625848
02:45:26	0.0042431	0.29474	0.054691	0.338676
02:45:56	0.00184272	0.155231	0.0482833	0.229983
02:46:26	0.000850468	0.0757125	0.0451641	0.150057
02:46:56	-0.00152859	-0.0019926	0.0453661	0.103143
02:47:26	0.000219457	-0.0165662	0.0463522	0.0844496
02:47:56	-0.00738651	-0.0184091	0.0470844	0.0871084
02:48:26	-0.000634539	-0.0124162	0.0481051	0.0998659
02:48:56	-0.00332978	0.202311	0.016281	0.276016
02:49:26	0.015869	1.2774	-0.0165632	1.15147
02:49:56	0.028068	1.81969	0.0313281	1.58084
02:50:26	0.0155294	1.25226	0.0396476	1.11671
02:50:56	0.00779684	0.61658	0.0344173	0.603645
02:51:26	0.00380618	0.279843	0.0371348	0.332041
02:51:56	-0.00219351	0.148752	0.0341424	0.226514
02:52:26	-0.000761591	0.0682991	0.0417677	0.158267
02:52:56	-0.000670726	-0.00303724	0.0401872	0.0981357
02:53:26	-0.00191199	-0.0132345	0.0494594	0.0912935
02:53:56	-0.00437002	-0.0158655	0.0454583	0.0986998
02:54:26	-0.00286969	0.00462252	0.0416397	0.106668
02:54:56	0.00141773	0.404602	-0.0107226	0.441505
02:55:26	0.00720122	1.47661	-0.0712414	1.33966
02:55:56	0.0120192	1.49268	-0.0313529	1.34259
02:56:25	0.00713208	0.892814	-0.00204164	0.834908
02:56:55	0.00100234	0.41099	0.0197757	0.442436
02:57:26	-0.00320271	0.198432	0.0283073	0.268936
02:57:56	-0.00194274	0.107155	0.0356409	0.203497
02:58:26	-0.00287668	0.0171354	0.0429354	0.116369
02:58:56	-0.00320256	-0.0154598	0.0452788	0.0855543
02:59:25	-0.00310227	-0.0156009	0.0486051	0.0925135
02:59:55	0.000486647	-0.0201492	0.0479722	0.0819542
03:00:25	-0.00475493	-0.00668316	0.0442737	0.083078
03:00:55	-3.76295e-05	0.260613	-0.00229658	0.321877
03:01:26	-0.000358764	1.19103	-0.108147	1.12379
03:01:55	-0.00126421	1.34695	-0.0977718	1.25443
03:02:26	-0.00236229	0.852857	-0.0436056	0.819177
03:02:56	-0.00274753	0.38648	-0.00142019	0.4271
03:03:25	-0.00134215	0.184373	0.0193187	0.260085
03:03:56	-0.00213434	0.103845	0.0316118	0.196284
03:04:25	-0.00302606	0.0161142	0.0403439	0.120452
03:04:56	-0.00268372	-0.0118731	0.043883	0.105088
03:05:26	-0.00406538	-0.0164851	0.0477293	0.0866193
03:05:56	-0.00415241	-0.020579	0.0460075	0.0928243
03:06:26	-0.00406758	0.011264	0.0564063	0.123388
03:06:55	0.0414431	0.582431	0.278645	0.520833
03:07:25	0.174109	1.90616	0.926463	1.42297
03:07:55	0.168192	1.72649	0.886392	1.28593
03:08:25	0.0899187	0.954054	0.515927	0.750746
03:08:56	0.0394842	0.431779	0.261325	0.392681
03:09:26	0.0192295	0.219911	0.163372	0.246092
03:09:56	0.00662521	0.103935	0.107513	0.182385
03:10:25	0.000526566	0.00281693	0.0593873	0.10141
03:10:56	-0.00393239	-0.0150634	0.0565488	0.0953315
03:11:26	-0.00387274	-0.0187381	0.0507112	0.0944715
03:11:56	-0.0018986	-0.0177683	0.0534225	0.0828646
03:12:26	0.000206945	0.0649354	0.0547692	0.137826
03:12:56	0.05523	0.846903	0.308537	0.694476
03:13:26	0.154363	1.7708	0.754034	1.30622
03:13:56	0.125912	1.3606	0.631559	1.03394
03:14:26	0.0599165	0.705477	0.345313	0.587618
03:14:56	0.0252475	0.32689	0.185295	0.322081
03:15:26	0.0135781	0.163503	0.120303	0.218975
03:15:56	0.00291106	0.0761045	0.0804489	0.15923
03:16:26	-0.000282038	-0.00251054	0.0523287	0.101571
03:16:56	-0.00220099	-0.0131251	0.0529588	0.0921224
03:17:26	-0.00512388	-0.0168124	0.0514109	0.0848377
03:17:56	-0.00347436	-0.000883957	0.0464308	0.108805
03:18:26	0.0227546	0.370131	0.136038	0.352585
03:18:56	0.114372	1.41449	0.544603	1.07699
03:19:26	0.125662	1.40663	0.624619	1.0593
03:19:56	0.0719944	0.815723	0.380904	0.643063
03:20:26	0.0320289	0.371339	0.19332	0.357156
03:20:56	0.0137833	0.179634	0.12299	0.225426
03:21:26	0.00433562	0.0981974	0.0833807	0.162406
03:21:56	0.00233755	0.00519493	0.0578854	0.0949952
03:22:26	-0.00126346	-0.0145683	0.0497208	0.0892496
03:22:56	-0.00251956	-0.0180655	0.0452537	0.0831457
03:23:26	-0.00482329	-0.0237481	0.048716	0.0934038
03:23:56	-0.00226045	-4.252e-05	0.0452673	0.103023
03:24:26	0.0189019	0.352506	0.130295	0.352519
03:24:56	0.0994791	1.26338	0.481471	0.958495
03:25:26	0.107784	1.21619	0.527829	0.905255
03:25:56	0.0571935	0.681509	0.31534	0.54917
03:26:26	0.0234924	0.305105	0.158384	0.302178
03:26:55	0.00952426	0.155202	0.106755	0.202069
03:27:25	0.00406113	0.0754673	0.0715181	0.147013
03:27:55	-0.00246376	-0.00300851	0.0469184	0.0906771
03:28:25	-0.00311739	-0.0193492	0.0404877	0.0826484
03:28:56	-0.00523571	-0.0224836	0.0463384	0.086137
03:29:25	-0.00119195	-0.0210167	0.0449895	0.0837728
03:29:56	-0.00175594	0.0141675	0.0444689	0.102123
03:30:25	0.0282414	0.443389	0.157669	0.406329
03:30:55	0.0962058	1.17569	0.450039	0.886557
03:31:25	0.0834209	0.957605	0.405443	0.735467
03:31:56	0.0376402	0.48904	0.225255	0.42633
03:32:25	0.0150964	0.21989	0.121537	0.250283
03:32:55	0.00656625	0.118327	0.0862756	0.180252
03:33:26	-0.00211106	0.0215985	0.0490292	0.120138
03:33:55	-0.00778991	-0.0107554	0.0436556	0.0784672
03:34:26	-0.00294701	-0.0171669	0.0415715	0.0780498
03:34:56	-0.00548555	-0.0206501	0.0412648	0.0884897
03:35:26	-0.00076068	-0.0186551	0.0404583	0.0780219
03:35:56	0.00124749	0.0478797	0.0477223	0.129001
03:36:25	0.0412143	0.557799	0.192619	0.47238
03:36:55	0.0807437	1.00493	0.38437	0.757328
03:37:26	0.0566604	0.717857	0.297617	0.56295
03:37:55	0.0225717	0.346349	0.158463	0.323963
03:38:25	0.0115404	0.166039	0.0943548	0.215694
03:38:55	0.00294193	0.0886304	0.065032	0.155375
03:39:24	0.000369061	0.0012298	0.049872	0.102125
03:39:56	-0.00285528	-0.014325	0.0375554	0.0811907
03:40:26	-0.0028535	-0.0184341	0.0412626	0.083048
03:40:56	-0.00456559	-0.0204889	0.0415276	0.0960292
03:41:26	-0.00213945	-0.00919932	0.0416062	0.0967208
03:41:56	0.00876046	0.188941	0.0767213	0.223379
03:42:26	0.060733	0.733479	0.254022	0.574563
03:42:56	0.056746	0.69632	0.276988	0.541221
03:43:26	0.0336823	0.439179	0.179516	0.387437
03:43:56	0.0127223	0.201431	0.0991674	0.231045
03:44:26	0.00549412	0.108762	0.068839	0.162083
03:44:56	-0.00413591	0.0152661	0.0464727	0.10493
03:45:26	-0.00366363	-0.0151525	0.0411644	0.0712125
03:45:56	-0.00406501	-0.0174918	0.0369493	0.0833619
03:46:26	-0.00552937	-0.0214466	0.0407668	0.0771555
03:46:56	-0.00121498	-0.0183703	0.0402466	0.0776361
03:47:26	-0.00010891	0.00893532	0.0335054	0.0900693
03:47:56	0.0148424	0.258185	0.0902852	0.258314
03:48:26	0.0537015	0.610486	0.211946	0.491528
03:48:56	0.0361759	0.465854	0.177578	0.386677
03:49:26	0.0215987	0.277205	0.113784	0.262545
03:49:56	0.0102162	0.134126	0.0704459	0.184363
03:50:26	0.00104415	0.0527312	0.050657	0.116665
03:50:56	-0.00373881	-0.00560202	0.0379611	0.0829151
03:51:26	-0.00280672	-0.0137071	0.0369329	0.0729608
03:51:56	-0.005314	-0.0202496	0.0350347	0.0744946
03:52:25	-0.00584348	-0.0187314	0.0394576	0.0779654
03:52:56	-0.00258258	-0.0181603	0.0327035	0.075489
03:53:26	-0.00127289	0.0398229	0.0305268	0.107168
03:53:55	0.0233484	0.280636	0.0753395	0.279854
03:54:25	0.0342	0.390887	0.119385	0.333319
03:54:56	0.0189506	0.257122	0.0913542	0.253246
03:55:26	0.012005	0.15079	0.0620897	0.171245
03:55:55	0.00372217	0.0578229	0.0395166	0.12058
03:56:25	-0.00139389	0.00190734	0.0382191	0.0879079
03:56:55	-0.0026873	-0.012131	0.0349272	0.0843863
03:57:25	-0.00649591	-0.016695	0.0381787	0.0787826
03:57:56	-0.00117621	-0.0205016	0.035245	0.0840166
03:58:25	-0.00624922	-0.0192274	0.0342282	0.0820856
03:58:56	0.00280109	0.00648595	0.0294107	0.098646
03:59:26	0.0073701	0.115428	0.0162703	0.150189
03:59:55	0.0154851	0.201831	0.0206089	0.212699
04:00:25	0.0102575	0.150093	0.029015	0.166733
04:00:55	0.00134073	0.0677264	0.0278177	0.120938
04:01:25	-0.00127272	0.0164118	0.0307333	0.0929374
04:01:56	-0.00396521	-0.00734183	0.0312113	0.0711329
04:02:25	-0.0034497	-0.0122635	0.0354306	0.0640922
04:02:56	-0.00314766	-0.0172105	0.0370099	0.0740763
04:03:26	-0.001587	-0.0189915	0.0348978	0.0744706
04:03:56	-0.00297076	-0.0212904	0.0357912	0.0776915
04:04:26	-0.00327974	-0.0198265	0.0383635	0.0732609
04:04:56	-0.00284197	0.00466958	0.043745	0.0910857
04:05:26	0.0203352	0.451809	0.177172	0.442502
04:05:56	0.140386	1.72576	0.742055	1.31881
04:06:26	0.176107	1.75176	0.895492	1.26295
04:06:56	0.105307	1.03645	0.563448	0.76941
04:07:26	0.0439002	0.478489	0.286454	0.386862
04:07:56	0.0215055	0.23492	0.163811	0.253322
04:08:26	0.0100622	0.126199	0.104921	0.177624
04:08:56	0.00125039	0.0084824	0.0515939	0.0888401
04:09:26	-0.00537236	-0.00990506	0.0409655	0.0814847
04:09:56	0.00135585	-0.014126	0.0355305	0.0775827
04:10:26	-0.00280311	-0.0187093	0.0390964	0.0737863
04:10:56	0.0011231	0.0349371	0.0178722	0.0987878
04:11:26	0.0215456	0.550746	0.0425818	0.486674
04:11:56	0.113477	1.57624	0.425048	1.16437
04:12:26	0.121997	1.41917	0.531776	1.01212
04:12:55	0.071526	0.821863	0.3429	0.616581
04:13:26	0.033369	0.394433	0.173763	0.326451
04:13:56	0.01284	0.188	0.0977952	0.209322
04:14:25	0.00858045	0.104691	0.0673578	0.160937
04:14:55	-0.00437639	0.0201776	0.0395887	0.100315
04:15:25	-0.00076074	-0.00982979	0.0300479	0.0678506
04:15:56	-0.00307695	-0.0125037	0.0360704	0.0823125
04:16:25	-0.000579979	-0.0126156	0.0299161	0.0682079
04:16:56	-0.00399829	0.0261892	0.0178972	0.106604
04:17:25	0.0134492	0.437699	0.0290579	0.399393
04:17:55	0.0981272	1.36341	0.343949	1.01187
04:18:26	0.109103	1.28049	0.461433	0.902187
04:18:56	0.0645711	0.731727	0.289829	0.537542
04:19:26	0.0253685	0.340056	0.148405	0.29328
04:19:55	0.00847184	0.168039	0.089616	0.198938
04:20:26	0.00603586	0.0950214	0.0578571	0.143136
04:20:55	-0.00180342	0.0110714	0.032624	0.0797547
04:21:25	-0.0030453	-0.0124266	0.0340949	0.0662675
04:21:56	-0.00357701	-0.016143	0.0306859	0.0633511
04:22:26	-0.00510662	-0.015251	0.0280178	0.0667916
04:22:56	-0.00214732	-0.00344485	0.0201571	0.0782207
04:23:26	0.00415206	0.198453	0.00341116	0.218501
04:23:56	0.0572957	0.960489	0.177095	0.742217
04:24:26	0.103871	1.22155	0.399999	0.877878
04:24:56	0.0668021	0.801847	0.290775	0.600759
04:25:26	0.0295017	0.372535	0.14499	0.314678
04:25:56	0.00791441	0.174915	0.0825688	0.192174
04:26:26	0.00529849	0.0999317	0.0516833	0.134141
04:26:56	-0.00599792	0.0173851	0.0330756	0.0756409
04:27:26	-0.00628406	-0.0107127	0.0305287	0.0718065
04:27:55	-0.00287999	-0.013429	0.0290936	0.0546271
04:28:26	-0.00345463	-0.0122745	0.0357173	0.0627692
04:28:56	0.000592153	3.52354e-05	0.0261738	0.0796371
04:29:26	0.00487973	0.177801	0.00112613	0.204205
04:29:54	0.0503036	0.794367	0.118211	0.627772
04:30:26	0.0870372	1.0319	0.31913	0.737492
04:30:56	0.0552953	0.681479	0.228633	0.50444
04:31:25	0.0209011	0.303054	0.114158	0.269003
04:31:55	0.00723706	0.151437	0.0649962	0.162172
04:32:25	0.00313435	0.0806166	0.0485209	0.129713
04:32:55	-0.00187727	0.00557447	0.0306667	0.0873618
04:33:25	-0.00212139	-0.0150435	0.0303026	0.0631472
04:33:56	-0.00312621	-0.0137501	0.0288382	0.0646871
04:34:26	-0.00230071	-0.0189008	0.0274034	0.0741088
04:34:56	-0.0054651	-0.00652223	0.0220004	0.0619325
04:35:26	0.00271811	0.129871	-0.00449856	0.180731
04:35:55	0.0389145	0.634242	0.0681169	0.505419
04:36:25	0.0719699	0.855148	0.228871	0.623415
04:36:55	0.0478477	0.58847	0.179823	0.43975
04:37:25	0.018555	0.255164	0.0862738	0.227596
04:37:55	0.00819107	0.128779	0.0551492	0.157892
04:38:26	0.00553158	0.068027	0.0361703	0.115449
04:38:55	-0.000131389	0.000726738	0.0254303	0.0776308
04:39:26	-0.00293724	-0.0106919	0.0280275	0.0680112
04:39:55	-0.00278971	-0.0151258	0.0313911	0.0672638
04:40:26	-0.00148232	-0.0133346	0.0305318	0.0744413
04:40:56	-0.00212214	0.00814287	0.018255	0.0831325
04:41:26	0.00834404	0.187392	-0.0170737	0.197125
04:41:56	0.0473753	0.610273	0.0703474	0.468143
04:42:26	0.0514858	0.604497	0.147097	0.448076
04:42:56	0.0288634	0.382115	0.0989631	0.306648
04:43:26	0.0102985	0.172994	0.0527463	0.169743
04:43:56	0.00384931	0.0981837	0.041246	0.123862
04:44:26	0.000503784	0.0363351	0.0303094	0.0970993
04:44:56	-0.00469137	-0.00750512	0.0261811	0.0706196
04:45:26	-0.00231697	-0.0116509	0.0275871	0.0690811
04:45:56	-0.00218854	-0.0158476	0.0265125	0.0690004
04:46:26	-0.00153662	-0.0156556	0.0262439	0.0531345
04:46:56	-0.00230755	-0.00113131	0.0198059	0.0651877
04:47:26	0.00585221	0.140249	-0.0269716	0.162777
04:47:56	0.030444	0.425093	-0.00215773	0.333984
04:48:26	0.0378008	0.430495	0.0653846	0.326419
04:48:56	0.0192406	0.283869	0.0488673	0.247969
04:49:26	0.00889161	0.138331	0.0307114	0.155698
04:49:56	-0.000166397	0.0779888	0.0243387	0.109987
04:50:25	0.00109945	0.0206297	0.0250217	0.0774368
04:50:56	-0.000547004	-0.007439	0.0264161	0.0716182
04:51:25	-0.00374524	-0.0117043	0.0295532	0.0500196
04:51:56	-0.00425817	-0.0175963	0.0286887	0.0646944
04:52:26	-0.00337486	-0.0151701	0.025933	0.0615428
04:52:55	-0.00302641	-0.000344667	0.0155962	0.0683526
04:53:25	0.00109689	0.107405	-0.0324777	0.129857
04:53:55	0.0192818	0.281444	-0.0515655	0.227084
04:54:25	0.0224144	0.277081	-0.00350526	0.213146
04:54:56	0.0127203	0.198911	0.00788743	0.180362
04:55:25	0.00206481	0.100295	0.0095035	0.119306
04:55:56	0.00301951	0.0520989	0.0166626	0.100512
04:56:26	-0.00366177	0.00163776	0.0235586	0.0567884
04:56:56	-0.00267602	-0.00968486	0.0266251	0.0591269
04:57:26	-0.00576968	-0.015492	0.0301665	0.0679493
04:57:56	-0.00586034	-0.0154119	0.0290735	0.0641646
04:58:26	-0.00554052	-0.0133867	0.0280935	0.0732331
04:58:56	-0.00346914	0.00539675	0.017647	0.0771187
04:59:26	0.0017275	0.099125	-0.0372638	0.118782
04:59:56	0.00990425	0.188957	-0.0706112	0.150297
05:00:26	0.00949472	0.159801	-0.027567	0.141843
05:00:56	0.00460805	0.101691	-0.00677734	0.11008
05:01:26	0.00136694	0.0495779	0.00790951	0.0922315
05:01:56	-0.00226604	0.00413866	0.0160953	0.068582
05:02:26	-0.0036523	-0.0080894	0.0200755	0.0666004
05:02:56	-0.0026634	-0.0125135	0.0249406	0.059503
05:03:25	-0.00432943	-0.0153735	0.0255716	0.0645186
05:03:56	-0.00273143	-0.0169251	0.0316157	0.0630014
05:04:26	-0.00409001	-0.0146572	0.0265775	0.0699295
05:04:56	-0.00243243	-0.00909609	0.0333299	0.0699161
05:05:26	0.0181946	0.259642	0.143178	0.267355
05:05:55	0.203995	1.6774	1.01519	1.13479
05:06:25	0.38401	2.54626	1.84752	1.52034
05:06:56	0.297287	1.94352	1.46613	1.16602
05:07:25	0.222341	1.44315	1.10447	0.884351
05:07:56	0.138235	0.912769	0.705575	0.571955
05:08:25	0.0776885	0.531846	0.421435	0.36459
05:08:55	0.0428306	0.294009	0.24679	0.243876
05:09:25	0.0161408	0.150883	0.146683	0.160363
05:09:55	0.00132718	0.0154347	0.0527864	0.0761707
05:10:25	-0.00410833	-0.00903719	0.0347121	0.0780802
05:10:55	-0.00392557	-0.00890216	0.0374437	0.0693682
05:11:26	0.00228792	0.0880876	0.0223697	0.130622
05:11:56	0.0920676	0.938569	0.368429	0.635539
05:12:26	0.311789	2.13497	1.36825	1.26515
05:12:56	0.284941	1.82967	1.31895	1.08491
05:13:26	0.216444	1.40424	1.03044	0.82553
05:13:56	0.133846	0.91931	0.6822	0.554406
05:14:26	0.0785959	0.564268	0.415087	0.373494
05:14:56	0.0447035	0.319184	0.245274	0.253445
05:15:26	0.0224516	0.178474	0.146697	0.174232
05:15:56	0.0121807	0.0791968	0.0763712	0.102522
05:16:26	-0.000724507	-0.00172971	0.0381058	0.0657883
05:16:56	-0.000142984	-0.0122683	0.0285559	0.0660393
05:17:26	-0.00254797	-0.00527649	0.0240112	0.062483
05:17:56	0.0113375	0.184009	0.0421673	0.178772
05:18:26	0.148677	1.25709	0.612381	0.785334
05:18:55	0.309539	1.96292	1.38534	1.12302
05:19:26	0.242558	1.52109	1.13648	0.869543
05:19:56	0.180857	1.12907	0.860145	0.660933
05:20:26	0.109452	0.725834	0.548569	0.451679
05:20:56	0.0623907	0.432274	0.32797	0.305585
05:21:25	0.031524	0.242092	0.188027	0.187628
05:21:55	0.0134719	0.129852	0.117452	0.123777
05:22:26	0.00250388	0.0272392	0.0506225	0.0871599
05:22:55	-0.00138506	-0.00996874	0.0313103	0.0520221
05:23:25	-0.00249083	-0.00585978	0.0217985	0.0666271
05:23:55	0.00454108	0.108678	0.0246949	0.12188
05:24:25	0.111032	0.935401	0.439527	0.582187
05:24:56	0.285351	1.78656	1.26282	1.00093
05:25:26	0.237429	1.41381	1.08538	0.787089
05:25:56	0.164428	1.00992	0.786227	0.577825
05:26:26	0.108869	0.683733	0.535048	0.409513
05:26:56	0.0617923	0.405574	0.319279	0.274759
05:27:26	0.0330099	0.22435	0.184907	0.168538
05:27:56	0.0143337	0.122253	0.115447	0.127602
05:28:26	0.00139768	0.0250218	0.0478447	0.0889376
05:28:56	-0.00206727	-0.00772316	0.0314346	0.0692649
05:29:26	-0.00474668	-0.0121148	0.0232575	0.0660663
05:29:56	0.000973969	0.0326459	0.020034	0.0849309
05:30:26	0.0587789	0.516646	0.230526	0.333837
05:30:56	0.242612	1.53651	1.04317	0.845042
05:31:26	0.242882	1.39928	1.0949	0.750181
05:31:56	0.151025	0.919099	0.734732	0.516063
05:32:26	0.0923074	0.566952	0.45652	0.328913
05:32:56	0.0456677	0.297253	0.239573	0.225843
05:33:26	0.0195083	0.157476	0.139413	0.13722
05:33:55	0.0130946	0.0837264	0.0871805	0.112928
05:34:26	-0.00320691	0.00677932	0.0315159	0.0628374
05:34:55	-0.00178451	-0.0103252	0.0277836	0.0620347
05:35:26	-0.00132033	-0.0149352	0.0279758	0.0650695
05:35:55	-0.00210419	0.0054951	0.0226945	0.0715806
05:36:26	0.032299	0.30237	0.128378	0.219012
05:36:55	0.196902	1.21113	0.807934	0.647305
05:37:25	0.242539	1.32417	1.07061	0.687835
05:37:55	0.156563	0.877403	0.731284	0.473579
05:38:25	0.0813095	0.46625	0.392671	0.281712
05:38:56	0.0357485	0.214812	0.190035	0.162888
05:39:25	0.0162166	0.118611	0.114881	0.121796
05:39:56	0.00663332	0.0541397	0.0664128	0.090025
05:40:26	-0.00263671	-0.00367718	0.0332006	0.0585332
05:40:55	-0.00314464	-0.0133645	0.0274973	0.0652952
05:41:26	-0.00221881	-0.0112606	0.0270377	0.0672923
05:41:56	0.000685367	0.0557252	0.0293757	0.0904145
05:42:26	0.0873841	0.582836	0.350733	0.331668
05:42:56	0.232022	1.24592	1.00156	0.611085
05:43:26	0.193	0.991206	0.854498	0.497413
05:43:56	0.099898	0.547509	0.477231	0.297816
05:44:26	0.045995	0.254065	0.229478	0.170443
05:44:56	0.0198568	0.128035	0.129575	0.125436
05:45:26	0.00979101	0.0707666	0.0778945	0.0859013
05:45:56	0.00158879	0.00395765	0.0367655	0.0662879
05:46:26	-0.00310943	-0.0122614	0.0301204	0.0618519
05:46:56	-0.00484251	-0.0155894	0.0306096	0.065663
05:47:26	-0.000678782	-0.0164315	0.02898	0.0619451
05:47:56	-0.00237627	-0.00311414	0.0212584	0.0631931
05:48:26	0.0239316	0.161043	0.0962696	0.138881
05:48:55	0.156497	0.816166	0.636115	0.387004
05:49:25	0.215101	1.0281	0.926981	0.463594
05:49:55	0.131842	0.656124	0.605102	0.314001
05:50:26	0.0564737	0.312934	0.294365	0.19225
05:50:56	0.0263028	0.147259	0.149589	0.123317
05:51:26	0.0137481	0.078069	0.0953222	0.0874587
05:51:55	0.00143955	0.0180409	0.046723	0.0788191
05:52:26	-0.000115408	-0.00797094	0.0283469	0.0579935
05:52:54	-0.00189731	-0.012103	0.0286883	0.0569622
05:53:26	-0.00413567	-0.0149773	0.0258534	0.0707603
05:53:56	-0.00441488	-0.00232412	0.0252748	0.0653896
05:54:26	0.0297126	0.166011	0.120748	0.102199
05:54:56	0.161691	0.743039	0.678861	0.300975
05:55:26	0.190362	0.826495	0.834095	0.352921
05:55:56	0.108873	0.500841	0.504713	0.245746
05:56:26	0.0489312	0.224587	0.240495	0.138922
05:56:56	0.0233429	0.10962	0.132842	0.112008
05:57:26	0.0142726	0.0608725	0.0821167	0.0897576
05:57:56	0.00043491	0.00433267	0.0356306	0.0629601
05:58:26	-0.00297323	-0.0143412	0.0273876	0.0817487
05:58:56	-0.00669836	-0.0158525	0.0274581	0.0637121
05:59:26	-0.00223313	-0.0166481	0.0244557	0.0610596
05:59:56	-0.00186947	-0.0132752	0.0255218	0.061658
06:00:26	0.00399301	0.0539139	0.0453628	0.0818881
06:00:56	0.108685	0.414825	0.433005	0.15458
06:01:26	0.193057	0.724517	0.80995	0.245294
06:01:56	0.1324	0.515484	0.579575	0.192375
06:02:26	0.052966	0.232408	0.263399	0.12736
06:02:56	0.0244015	0.111744	0.136111	0.0856499
06:03:25	0.00876135	0.0577557	0.0826741	0.0744268
06:03:56	-0.00363266	0.0054343	0.0388946	0.0526473
06:04:26	-0.00119958	-0.00982509	0.0266946	0.0794149
06:04:55	-0.0028518	-0.0119386	0.0293584	0.0670342
06:05:25	-0.0028288	-0.0178395	0.0321923	0.0569901
06:05:56	-0.00323322	-0.016641	0.0231922	0.0581908
06:06:26	-0.00135259	-0.00299269	0.029915	0.0776972
06:06:56	0.00554095	0.410184	0.0898899	0.42969
06:07:25	0.100053	2.4179	0.557947	1.97783
06:07:55	0.189577	3.38195	0.986324	2.63471
06:08:25	0.153988	2.6342	0.812781	2.06323
06:08:55	0.112589	1.89747	0.612653	1.50457
06:09:26	0.0681873	1.19918	0.387629	0.988617
06:09:56	0.0354727	0.700821	0.234725	0.595683
06:10:26	0.0150199	0.393219	0.149945	0.38422
06:10:56	0.0106452	0.205359	0.0976316	0.240001
06:11:26	-0.000111589	0.0289634	0.0421502	0.0928803
06:11:56	-0.00318676	-0.00213737	0.0351358	0.0731918
06:12:26	-0.00399904	-0.00869033	0.0310204	0.0641354
06:12:56	-0.0018662	0.0968717	0.00691157	0.152814
06:13:26	0.0225261	1.19336	0.0383006	1.03469
06:13:56	0.101196	2.9933	0.394054	2.40435
06:14:26	0.10688	2.63506	0.482146	2.07359
06:14:56	0.0890394	2.03806	0.414343	1.60825
06:15:26	0.056232	1.33677	0.289747	1.08148
06:15:56	0.0310887	0.844268	0.183336	0.709143
06:16:26	0.0157486	0.481511	0.110574	0.414887
06:16:55	0.00826797	0.272274	0.070132	0.279088
06:17:26	0.00490074	0.141096	0.049383	0.178721
06:17:56	-0.00133556	0.0131724	0.0277104	0.0927791
06:18:25	-0.000378881	-0.00372344	0.0237981	0.0602325
06:18:56	-0.000239519	0.0305098	0.0131881	0.101224
06:19:26	0.00993648	0.721179	0.00258965	0.669834
06:19:55	0.070929	2.56636	0.253083	2.08536
06:20:26	0.0996957	2.62975	0.423304	2.08115
06:20:55	0.0826586	2.06463	0.372145	1.63581
06:21:26	0.0544204	1.40733	0.266849	1.1327
06:21:56	0.0294472	0.891856	0.173287	0.741501
06:22:25	0.0123331	0.524021	0.104323	0.452673
06:22:55	0.00630219	0.294539	0.0649507	0.297879
06:23:26	0.000581129	0.160069	0.044768	0.195262
06:23:56	-0.000398674	0.024932	0.0274836	0.104513
06:24:26	-0.00218863	-0.00591278	0.0296144	0.0714045
06:24:56	-0.00403098	-0.005503	0.0265281	0.080921
06:25:26	-0.00223037	0.176985	-0.00605039	0.214945
06:25:56	0.0278969	1.46391	0.0536835	1.24888
06:26:26	0.0853516	2.68464	0.326939	2.1611
06:26:56	0.0740706	2.13207	0.329163	1.69937
06:27:26	0.0552222	1.57286	0.262135	1.26928
06:27:56	0.0332012	1.04613	0.178715	0.857757
06:28:26	0.0157506	0.62552	0.106764	0.553636
06:28:56	0.00731884	0.349238	0.0677399	0.339024
06:29:26	0.00306885	0.198109	0.0457828	0.235289
06:29:56	-0.0016378	0.0663945	0.0263007	0.132716
06:30:26	0.000572318	-0.00685901	0.0249848	0.0645752
06:30:56	-0.00237178	-0.0107959	0.0244148	0.0701617
06:31:26	-0.00248942	0.021541	0.0151261	0.102458
06:31:54	0.00441876	0.554648	-0.014217	0.536113
06:32:25	0.0531564	2.2068	0.147739	1.83237
06:32:55	0.0750126	2.27739	0.281772	1.84105
06:33:25	0.0536632	1.62444	0.22954	1.3195
06:33:56	0.0359658	1.1502	0.167591	0.963063
06:34:25	0.0224661	0.731472	0.109733	0.629438
06:34:55	0.00765316	0.41388	0.0656099	0.38577
06:35:25	0.00262489	0.233348	0.0452417	0.253312
06:35:55	0.000573336	0.109185	0.033632	0.156975
06:36:26	-0.00309647	0.00585883	0.0226915	0.0844748
06:36:56	-0.00112349	-0.00952066	0.0250269	0.0839941
06:37:25	0.00256462	-0.0121042	0.0238073	0.0679227
06:37:56	-0.00313879	0.0851285	0.00177352	0.14818
06:38:25	0.0125546	0.978537	-0.0162936	0.874404
06:38:56	0.0601147	2.28601	0.160879	1.89102
06:39:26	0.0548932	1.89823	0.202367	1.57126
06:39:56	0.0309502	1.1967	0.143	0.992403
06:40:26	0.0200895	0.635921	0.0833565	0.568097
06:40:56	0.00380704	0.304232	0.0506442	0.305371
06:41:26	0.000288173	0.174588	0.0356976	0.207773
06:41:56	-0.00187072	0.0793228	0.0281242	0.134614
06:42:26	-0.00156981	-0.00114972	0.0232752	0.0794065
06:42:56	-0.00515956	-0.0132108	0.0262388	0.0607035
06:43:26	-0.00234093	-0.0150572	0.0246962	0.0725015
06:43:56	-0.00502618	-0.00721871	0.020096	0.0648599
06:44:26	-0.00303348	0.210867	-0.0150994	0.251599
06:44:56	0.0150352	1.3501	-0.0200844	1.18996
06:45:26	0.050071	2.07925	0.129696	1.72493
06:45:56	0.0384806	1.49775	0.129862	1.27384
06:46:26	0.0208152	0.815941	0.0762402	0.720075
06:46:56	0.00539402	0.376458	0.0474147	0.383676
06:47:25	0.00135358	0.199341	0.0333892	0.229013
06:47:56	0.000271684	0.113352	0.023196	0.169135
06:48:26	-0.00402123	0.010755	0.0231896	0.0927921
06:48:56	-0.00259063	-0.0111871	0.0209051	0.0626755
06:49:26	-0.00469113	-0.0158811	0.0220959	0.0668811
06:49:55	7.84521e-05	-0.0180789	0.022879	0.0752231
06:50:25	0.000117529	-0.00525601	0.0213897	0.0719429
06:50:56	-0.00253176	0.285235	-0.0288745	0.308343
06:51:26	0.0149115	1.44866	-0.0394869	1.27558
06:51:56	0.0309554	1.82506	0.0619222	1.56652
06:52:25	0.0208386	1.22997	0.0628266	1.07651
06:52:55	0.00917555	0.606772	0.0357798	0.555045
06:53:25	0.00222701	0.284319	0.025883	0.3106
06:53:56	-0.000310072	0.156764	0.0273514	0.205528
06:54:25	-0.00390719	0.0755109	0.0219412	0.137934
06:54:56	-0.00494931	-0.00244382	0.0211714	0.0755993
06:55:26	-0.00236949	-0.0153724	0.0214075	0.0790019
06:55:56	-0.00495042	-0.0163801	0.0233404	0.0743981
06:56:26	-0.00722136	-0.0121966	0.0210783	0.0789029
06:56:56	-0.000718483	0.151131	-0.0106617	0.209804
06:57:26	0.00309916	1.06046	-0.0851834	0.98097
06:57:56	0.0168488	1.6838	-0.0341833	1.48215
06:58:26	0.0150913	1.21917	0.00426567	1.08341
06:58:56	0.00465002	0.59558	0.00747504	0.56741
06:59:26	0.00298405	0.27884	0.0161531	0.31836
06:59:56	-0.00288486	0.156862	0.0169884	0.20762
07:00:26	0.000906805	0.0722861	0.0158676	0.150132
07:00:56	-0.00723612	-0.000393338	0.0209857	0.0693066
07:01:25	0.000143549	-0.0146774	0.025164	0.0619772
07:01:56	-0.00299273	-0.0171982	0.0265576	0.0778924
07:02:26	-0.00362307	-0.0120238	0.0228056	0.0621592
07:02:56	-0.00332281	0.139713	-0.0120874	0.203536
07:03:25	0.000786852	0.946867	-0.113582	0.907008
07:03:56	0.00600719	1.4797	-0.103876	1.34687
07:04:25	0.00908389	1.06553	-0.0499443	0.993568
07:04:55	0.00028303	0.504642	-0.012358	0.519001
07:05:26	-0.00174239	0.235412	0.00110491	0.276409
07:05:56	-0.00275423	0.130692	0.0103859	0.199785
07:06:25	-0.00515236	0.053216	0.0223222	0.120485
07:06:55	-0.00158246	-0.00938217	0.0241632	0.0888481
07:07:25	-0.0008803	-0.0128141	0.0267652	0.0687231
07:07:55	-0.00144151	-0.0186237	0.0240229	0.071763
07:08:26	-0.000918308	-0.021109	0.0242607	0.0540938
07:08:56	-0.00226377	0.000860114	0.0299337	0.0940181
07:09:25	0.0279187	0.447949	0.162455	0.42349
07:09:55	0.142559	1.73875	0.735424	1.31497
07:10:25	0.179641	1.81763	0.90368	1.30465
07:10:56	0.110267	1.09454	0.573278	0.803112
07:11:26	0.0513152	0.511113	0.292919	0.424405
07:11:56	0.0226346	0.260136	0.158877	0.254284
07:12:26	0.01119	0.147822	0.107935	0.180864
07:12:56	0.0044238	0.0187365	0.0489589	0.0819072
07:13:26	-0.00420299	-0.00966102	0.0371036	0.0729383
07:13:56	-0.00398072	-0.0175114	0.0352525	0.0598707
07:14:26	-0.00591311	-0.0168185	0.0341287	0.079523
07:14:56	-0.00346437	0.00730171	0.0243557	0.084913
07:15:26	0.0211076	0.435546	0.0949142	0.418265
07:15:56	0.120307	1.58199	0.552571	1.21252
07:16:26	0.155822	1.60899	0.751099	1.18729
07:16:56	0.0998214	1.00581	0.499989	0.757445
07:17:26	0.0437305	0.482275	0.252929	0.406627
07:17:56	0.0204876	0.23387	0.136432	0.239639
07:18:26	0.00726982	0.133459	0.0903737	0.173223
07:18:56	-0.000319192	0.0329999	0.0511034	0.110042
07:19:25	-0.00225416	-0.00997697	0.0291791	0.0705875
07:19:56	-0.00184531	-0.0180857	0.0275466	0.0706072
07:20:26	-0.00302763	-0.0172462	0.0299536	0.0702872
07:20:56	-0.00543761	-0.0140313	0.0298259	0.0697064
07:21:24	0.00259232	0.138802	0.0367655	0.203829
07:21:55	0.0710183	1.06174	0.322715	0.850743
07:22:26	0.145624	1.56326	0.689494	1.15604
07:22:56	0.104742	1.09866	0.527678	0.830158
07:23:26	0.0462563	0.524449	0.27207	0.433611
07:23:56	0.0217109	0.246833	0.140925	0.247428
07:24:25	0.0123409	0.139634	0.0940144	0.186402
07:24:55	0.00293025	0.0474242	0.048546	0.118447
07:25:25	-0.00437708	-0.00595202	0.0388542	0.081424
07:25:55	-0.00369128	-0.0145915	0.0301709	0.0690816
07:26:25	-0.0037939	-0.0173949	0.0301884	0.0628698
07:26:55	-0.00455799	-0.0195647	0.0316251	0.075073
07:27:25	-0.00443366	-0.0039167	0.0276746	0.0729888
07:27:56	0.0126777	0.290934	0.0729831	0.290534
07:28:25	0.0871011	1.19046	0.407613	0.919054
07:28:56	0.117553	1.27569	0.567879	0.95173
07:29:26	0.0730486	0.788511	0.379187	0.612892
07:29:56	0.0290529	0.347166	0.181319	0.317724
07:30:26	0.0143571	0.178276	0.105809	0.199937
07:30:56	0.00804047	0.0949194	0.0701223	0.146044
07:31:26	-0.0024366	0.00293157	0.039495	0.0781257
07:31:56	-0.000184002	-0.0122855	0.0324646	0.0808474
07:32:26	-0.00423418	-0.0168232	0.0355159	0.0693366
07:32:56	-0.00326108	-0.0224145	0.0304025	0.0751072
07:33:26	-0.00438152	-0.0195523	0.0306799	0.0675578
07:33:56	-0.00150697	0.0171072	0.0259936	0.106295
07:34:26	0.0220207	0.448279	0.116624	0.400894
07:34:56	0.0986858	1.1909	0.446824	0.920067
07:35:26	0.0884676	0.993527	0.43752	0.761524
07:35:56	0.0486376	0.531448	0.251997	0.444773
07:36:26	0.0209941	0.237231	0.129156	0.242942
07:36:56	0.0071893	0.13249	0.0825241	0.173565
07:37:25	-0.002369	0.0445624	0.052024	0.115446
07:37:56	-0.00278801	-0.00704586	0.0312378	0.0832145
07:38:26	-0.00497855	-0.0159535	0.0303784	0.0703725
07:38:56	-0.00393046	-0.0184569	0.0288476	0.0706271
07:39:25	-0.00528446	-0.0172328	0.0315841	0.0769627
07:39:55	-0.0054668	-0.0190623	0.0298443	0.0757784
07:40:25	-0.000456228	0.0371708	0.0244566	0.109663
07:40:55	0.0311296	0.512777	0.143157	0.445117
07:41:25	0.0846144	1.03502	0.393027	0.792084
07:41:55	0.0675089	0.781456	0.328292	0.594984
07:42:25	0.0327431	0.402438	0.186444	0.346609
07:42:55	0.0143549	0.196494	0.108721	0.207599
07:43:25	0.00688258	0.111404	0.0674635	0.148926
07:43:55	-0.00140674	0.0122564	0.0405893	0.102463
07:44:25	-0.00364909	-0.0129964	0.0351121	0.0803291
07:44:55	-0.0044799	-0.0182684	0.0305811	0.075163
07:45:26	-0.00216682	-0.0170006	0.0338399	0.0620739
07:45:55	-0.00215269	-0.0219842	0.032778	0.0659108
07:46:25	-0.00486931	-0.00122225	0.0271957	0.0929712
07:46:56	0.0104521	0.228239	0.0632375	0.242756
07:47:25	0.0633684	0.77492	0.259103	0.605744
07:47:56	0.0592347	0.706586	0.285894	0.559211
07:48:26	0.0346754	0.443208	0.188848	0.377464
07:48:56	0.0173496	0.209751	0.103416	0.232556
07:49:26	0.00990414	0.116481	0.0648753	0.150643
07:49:56	-0.00253513	0.0233864	0.0426352	0.104518
07:50:26	-0.00364609	-0.0117716	0.0337874	0.081215
07:50:56	-0.00106263	-0.0181784	0.0303714	0.0872982
07:51:26	-0.000110517	-0.02354	0.0305674	0.0848733
07:51:56	-0.00358742	-0.0204066	0.0273782	0.0719039
07:52:26	-0.00122402	-0.0173137	0.0326326	0.0877517
07:52:56	-0.000701896	0.033615	0.0268979	0.107075
07:53:26	0.0260573	0.373743	0.102757	0.35528
07:53:56	0.0553282	0.628246	0.223042	0.501091
07:54:26	0.0378054	0.455687	0.177788	0.388663
07:54:56	0.0179782	0.253035	0.109776	0.243007
07:55:26	0.00547814	0.130756	0.068409	0.158745
07:55:56	0.00247352	0.038263	0.0382948	0.113652
07:56:26	-0.00139367	-0.0114975	0.0340152	0.0757959
07:56:56	-0.00319913	-0.0184477	0.0364292	0.0620834
07:57:26	-0.00245248	-0.0195595	0.03069	0.0762933
07:57:56	-0.00308034	-0.0224619	0.0361259	0.0717951
07:58:25	-0.00211509	-0.0219672	0.0312687	0.0754113
07:58:56	-0.000687712	-0.0175886	0.0322352	0.0686892
07:59:26	-0.00137569	0.0368581	0.00480067	0.101142
07:59:55	0.0104457	0.214023	-0.0333237	0.215148
08:00:25	0.0275752	0.340725	0.0334233	0.290277
08:00:55	0.0191975	0.261439	0.0487378	0.258608
08:01:25	0.0053428	0.149222	0.0359248	0.169773
08:01:56	0.00310522	0.0755606	0.0296784	0.13002
08:02:25	-0.00142403	0.0167991	0.0274299	0.100888
08:02:56	-0.00248751	-0.0114612	0.0276598	0.0736308
08:03:26	-0.0028556	-0.0175269	0.0287849	0.0695701
08:03:56	-0.0033584	-0.0218295	0.0368788	0.079329
08:04:26	-0.00490619	-0.0190527	0.0359163	0.0834135
08:04:55	-0.00262627	-0.0220426	0.036353	0.076167
08:05:25	-0.00517062	-0.0160576	0.035559	0.0890298
08:05:55	0.000179136	0.0215664	0.027105	0.11111
08:06:26	0.0125404	0.163139	0.0206797	0.204094
08:06:56	0.0179225	0.215652	0.0484279	0.225354
08:07:26	0.0101474	0.139282	0.0470979	0.17082
08:07:56	0.00195837	0.0540179	0.031318	0.108481
08:08:25	-0.00272564	0.00582927	0.0329337	0.0942579
08:08:56	-0.00408053	-0.0122459	0.0327645	0.0764619
08:09:26	-0.00425015	-0.0198417	0.0340604	0.0689682
08:09:56	-0.00567364	-0.0197336	0.0383326	0.0755562
08:10:26	-0.00341276	-0.0232485	0.0408948	0.0764913
08:10:56	-0.00400596	-0.0244211	0.0371404	0.0798043
08:11:26	-0.00134198	-0.0190051	0.0362694	0.0798652
08:11:56	-0.00112002	-0.0031706	0.0347684	0.100342
08:12:26	0.0153745	0.415279	0.123355	0.43821
08:12:56	0.140364	2.13878	0.752092	1.66935
08:13:26	0.272347	2.81593	1.35506	1.98883
08:13:56	0.220931	2.12587	1.10557	1.5126
08:14:26	0.166066	1.58022	0.854483	1.12444
08:14:56	0.101077	1.00076	0.557704	0.761435
08:15:26	0.0555275	0.5794	0.337713	0.466326
08:15:56	0.0332565	0.326376	0.20672	0.314391
08:16:26	0.0146476	0.168625	0.126084	0.202028
08:16:56	0.000562563	0.0166482	0.057917	0.0964009
08:17:26	-0.00182134	-0.0095308	0.0458352	0.0821489
08:17:56	-0.00317517	-0.0179382	0.0437078	0.0726231
08:18:26	-0.00034175	-0.0136568	0.0363756	0.0948139
08:18:55	-0.000188208	0.143008	-0.0288104	0.191356
08:19:25	0.0368814	1.10827	0.00873326	0.923004
08:19:56	0.176503	2.41327	0.671042	1.74435
08:20:25	0.1791	2.09264	0.783413	1.47153
08:20:56	0.145932	1.61885	0.670899	1.12351
08:21:26	0.0918036	1.05694	0.462132	0.760653
08:21:56	0.0540832	0.667303	0.289229	0.506444
08:22:25	0.0314055	0.381268	0.177835	0.338311
08:22:55	0.0121454	0.217942	0.115656	0.237088
08:23:25	0.00489448	0.111058	0.0702598	0.144648
08:23:55	-0.000315482	0.00226443	0.0420755	0.0913817
08:24:25	-0.00247934	-0.0145742	0.0346314	0.0743754
08:24:55	-0.000272952	-0.0160288	0.0290528	0.0860974
08:25:26	-0.000677872	0.127681	-0.0273854	0.189798
08:25:55	0.03903	0.979165	-0.00673469	0.812467
08:26:25	0.156471	2.15793	0.56777	1.54515
08:26:55	0.156995	1.8265	0.660686	1.27893
08:27:26	0.118443	1.34496	0.536183	0.94549
08:27:56	0.0795589	0.923454	0.385315	0.669551
08:28:26	0.0431451	0.567156	0.236365	0.439404
08:28:55	0.0220996	0.321238	0.146224	0.289249
08:29:25	0.0118363	0.178173	0.0918894	0.197713
08:29:56	0.00227939	0.0758429	0.0591195	0.131528
08:30:25	-0.000559855	-0.00447728	0.0387484	0.078677
08:30:55	-0.00509028	-0.0164624	0.0311076	0.0871276
08:31:26	-0.00373721	-0.00852018	0.028036	0.101008
08:31:55	0.00100027	0.170684	-0.0375541	0.222786
08:32:25	0.0524074	1.07925	0.0487727	0.848737
08:32:56	0.154253	1.91713	0.54533	1.35311
08:33:26	0.128118	1.51358	0.518584	1.06412
08:33:56	0.0859693	1.07112	0.388254	0.755608
08:34:25	0.0581494	0.747741	0.27406	0.557611
08:34:56	0.0314856	0.437127	0.163936	0.363338
08:35:26	0.0120837	0.242413	0.101433	0.241508
08:35:55	0.0053434	0.135589	0.0693994	0.168544
08:36:26	-0.00138149	0.033075	0.04168	0.107203
08:36:56	-0.00583946	-0.010985	0.0348815	0.0828665
08:37:26	0.000813591	-0.0192844	0.0320593	0.0779999
08:37:56	-0.00285338	-0.0136946	0.027582	0.0850838
08:38:26	-0.00117042	0.1071	-0.0232568	0.164719
08:38:56	0.0364613	0.772654	-0.0167991	0.635954
08:39:26	0.125594	1.63268	0.400847	1.17296
08:39:56	0.109488	1.3408	0.418764	0.95465
08:40:26	0.0637014	0.84202	0.28396	0.616745
08:40:56	0.0318614	0.438623	0.15234	0.356524
08:41:26	0.0129565	0.208878	0.0900548	0.227144
08:41:56	0.0076086	0.118111	0.0611295	0.147646
08:42:25	0.00306	0.053158	0.0425115	0.107059
08:42:56	0.00130035	-0.00935128	0.0298419	0.0889849
08:43:26	-0.00169939	-0.0169169	0.0332018	0.0728937
08:43:56	-0.000532233	-0.0177905	0.0321263	0.0787206
08:44:26	-0.000137843	-0.017034	0.0251517	0.0806136
08:44:55	-0.000988247	0.07769	-0.0174672	0.147781
08:45:26	0.0291323	0.58099	-0.0481187	0.491214
08:45:56	0.105742	1.34136	0.274837	0.953267
08:46:26	0.0908216	1.10746	0.311849	0.78911
08:46:56	0.0467465	0.623799	0.189591	0.49803
08:47:25	0.0187212	0.288045	0.0970984	0.276854
08:47:55	0.0077506	0.145642	0.0688941	0.1849
08:48:25	0.00205206	0.0844833	0.0463594	0.149325
08:48:55	-0.00030517	0.0127587	0.0388328	0.109569
08:49:25	-0.00239057	-0.0150961	0.0328778	0.0897903
08:49:55	-0.00356169	-0.0178258	0.0291977	0.090552
08:50:26	-0.00402743	-0.0186588	0.0312099	0.0670886
08:50:55	-0.00121242	-0.0107349	0.0243352	0.0836331
08:51:25	0.000805796	0.134492	-0.0408957	0.177269
08:51:55	0.0393443	0.652601	-0.0304529	0.514946
08:52:25	0.0864159	1.03989	0.211644	0.76035
08:52:56	0.0610934	0.759461	0.189952	0.569935
08:53:25	0.0272601	0.370892	0.102489	0.319401
08:53:55	0.008147	0.17318	0.061506	0.189973
08:54:25	0.00171786	0.0967657	0.0453577	0.152466
08:54:56	-0.00215886	0.0403321	0.0328107	0.121002
08:55:25	-0.00072457	-0.00959265	0.0325133	0.0877927
08:55:56	-0.00110795	-0.0202408	0.0334382	0.0904681
08:56:26	-0.00492565	-0.0240529	0.0334485	0.0708773
08:56:56	-0.00391276	-0.0196222	0.0335406	0.0716314
08:57:26	-0.00474007	0.00805014	0.0132193	0.0925617
08:57:56	0.00970135	0.217842	-0.0744001	0.227873
08:58:26	0.0440934	0.641253	-0.026231	0.497823
08:58:56	0.055605	0.684173	0.101308	0.508855
08:59:26	0.0283666	0.422062	0.0729966	0.355966
08:59:56	0.0118379	0.18378	0.0447157	0.207145
09:00:26	0.00810501	0.094345	0.0373907	0.15201
09:00:56	0.00135484	0.0503818	0.0321475	0.115818
09:01:25	-0.00264076	-0.00297394	0.0322211	0.0910811
09:01:56	-0.000181237	-0.0166918	0.0359297	0.0845821
09:02:26	-0.00666095	-0.0196015	0.0326361	0.0799134
09:02:56	-0.00338661	-0.0226594	0.0327226	0.089607
09:03:26	-0.00291857	-0.0224804	0.0374988	0.0890651
09:03:56	0.000668382	-0.00702414	0.0247785	0.0861998
09:04:26	0.00138687	0.120355	-0.0458937	0.167522
09:04:56	0.0243027	0.373246	-0.109995	0.303024
09:05:26	0.0314801	0.452993	-0.0145504	0.349155
09:05:56	0.0222669	0.331785	0.00480553	0.276245
09:06:26	0.00446891	0.147455	0.0161031	0.182087
09:06:56	0.00240223	0.0755043	0.0253541	0.142472
09:07:26	0.0032355	0.0450595	0.0200997	0.113474
09:07:56	-0.00257015	-0.00445538	0.0352521	0.0960468
09:08:26	-0.00273202	-0.0176643	0.0358725	0.0869838
09:08:56	-9.55925e-05	-0.0193334	0.0398428	0.0757283
09:09:26	-0.00351741	-0.020905	0.0365619	0.0732216
09:09:55	0.000514145	-0.0224024	0.0360295	0.0739522
09:10:25	-0.00404634	-0.00116234	0.026367	0.10103
09:10:56	0.00290554	0.121403	-0.0592738	0.151774
09:11:26	0.0198594	0.280789	-0.1162	0.21566
09:11:56	0.0153675	0.249992	-0.0565067	0.215893
09:12:25	0.0123775	0.181212	-0.0263175	0.19134
09:12:55	0.00464781	0.0902542	-0.000804276	0.140797
09:13:25	0.000831849	0.0479832	0.0127775	0.114482
09:13:56	-0.00120004	0.00895835	0.0270065	0.0766351
09:14:25	-0.00814568	-0.0147789	0.0370175	0.0635248
09:14:55	-0.00259203	-0.0186474	0.0359035	0.0763054
09:15:26	-0.00326729	-0.0232365	0.0354686	0.0917645
09:15:56	-0.00334099	-0.021506	0.0362846	0.0834866
09:16:26	-0.00301469	-0.0209588	0.0341362	0.0717855
09:16:56	-0.00384695	-0.0114024	0.0385752	0.085383
09:17:26	0.0183826	0.303567	0.137984	0.323176
09:17:56	0.22655	2.15473	1.14255	1.50862
09:18:25	0.559548	3.79112	2.66043	2.27151
09:18:55	0.515813	3.32257	2.46002	1.95226
09:19:26	0.373565	2.34582	1.82102	1.37767
09:19:56	0.238455	1.50442	1.18945	0.919039
09:20:26	0.143104	0.951598	0.760029	0.620758
09:20:56	0.0808653	0.559633	0.468073	0.410657
09:21:26	0.0460653	0.306378	0.280429	0.272008
09:21:56	0.0234029	0.162522	0.167374	0.192
09:22:26	0.00198951	0.0195408	0.0756242	0.109906
09:22:56	-0.00128241	-0.0112584	0.0538232	0.0921964
09:23:26	-0.00153078	-0.0106336	0.0346474	0.0945829
09:23:56	0.00408902	0.143142	-0.0130521	0.200198
09:24:26	0.102069	1.28177	0.325716	0.920563
09:24:55	0.422184	3.06913	1.85046	1.86474
09:25:26	0.461155	2.94621	2.11038	1.73484
09:25:56	0.352236	2.20911	1.69191	1.28622
09:26:25	0.232513	1.45376	1.13471	0.864104
09:26:56	0.138209	0.921	0.717274	0.569571
09:27:26	0.0815746	0.572452	0.453142	0.410568
09:27:54	0.0452215	0.333156	0.27279	0.266118
09:28:26	0.0249572	0.176055	0.164695	0.179633
09:28:56	0.0100544	0.0816978	0.098105	0.142535
09:29:26	0.00184579	-0.00470595	0.0485619	0.0866174
09:29:56	-0.00314521	-0.00825801	0.0364482	0.0782273
09:30:25	0.00258836	0.144574	-0.0139249	0.197522
09:30:56	0.117402	1.27438	0.385258	0.866953
09:31:25	0.423775	2.87297	1.8703	1.69813
09:31:56	0.430526	2.67003	1.96226	1.52815
09:32:26	0.329059	1.98111	1.54321	1.12297
09:32:56	0.202671	1.28472	1.01744	0.753981
09:33:25	0.126525	0.825674	0.650299	0.525315
09:33:55	0.0713625	0.504024	0.403542	0.355333
09:34:25	0.0421036	0.280763	0.240867	0.241746
09:34:55	0.0214679	0.154962	0.152173	0.178332
09:35:25	0.00255782	0.0577394	0.0847631	0.13085
09:35:56	-0.00411107	-0.0097308	0.0456338	0.0951478
09:36:25	-0.00247863	0.00531933	0.0314888	0.0946284
09:36:55	0.0159003	0.28097	0.00793916	0.268193
09:37:25	0.200778	1.72064	0.773519	1.07304
09:37:55	0.432739	2.63291	1.91377	1.48766
09:38:26	0.374587	2.25709	1.72326	1.26896
09:38:55	0.26633	1.57575	1.26727	0.879301
09:39:25	0.167822	1.01505	0.818852	0.607165
09:39:56	0.0981092	0.637285	0.515462	0.418034
09:40:25	0.0554867	0.374401	0.309315	0.294306
09:40:56	0.0256234	0.204136	0.188285	0.200482
09:41:25	0.0122028	0.11073	0.121295	0.151283
09:41:56	0.0015047	0.0123681	0.0613747	0.10046
09:42:26	-0.00177221	-0.0127707	0.0404294	0.0879994
09:42:56	-0.00407911	0.0262422	0.0162331	0.110138
09:43:26	0.0419629	0.461715	0.0845445	0.360732
09:43:56	0.277929	1.97338	1.12563	1.13953
09:44:26	0.394129	2.27149	1.75929	1.22645
09:44:56	0.327666	1.8743	1.5049	1.01364
09:45:26	0.220543	1.25711	1.04294	0.713198
09:45:56	0.133944	0.803205	0.664445	0.47877
09:46:26	0.0776944	0.494556	0.41566	0.321345
09:46:56	0.0416695	0.283291	0.24867	0.228024
09:47:26	0.018256	0.156641	0.150362	0.171946
09:47:56	0.00794946	0.0627622	0.0889324	0.114689
09:48:26	-0.000301538	-0.0066831	0.0434144	0.0927439
09:48:56	-0.00536505	-0.0118309	0.0380522	0.0789614
09:49:26	-0.00190176	0.0770674	0.00820123	0.138706
09:49:56	0.0910779	0.770954	0.290079	0.472804
09:50:26	0.344743	2.05528	1.46097	1.09287
09:50:55	0.343292	1.89591	1.53392	0.987677
09:51:26	0.265598	1.47008	1.2292	0.766737
09:51:56	0.168352	0.957056	0.819111	0.525246
09:52:26	0.104425	0.603848	0.517878	0.376793
09:52:55	0.0564732	0.35851	0.30859	0.251238
09:53:25	0.0292839	0.199163	0.190367	0.186581
09:53:55	0.0164167	0.102459	0.11406	0.140475
09:54:24	0.00282284	0.0177163	0.0581081	0.101443
09:54:56	-0.00102826	-0.0147281	0.0471772	0.090821
09:55:26	-0.00323335	-0.0108646	0.0313679	0.105708
09:55:56	0.00726022	0.10295	0.0147798	0.137437
09:56:26	0.126819	0.859415	0.443777	0.477343
09:56:55	0.346571	1.85216	1.46249	0.901864
09:57:25	0.307314	1.6121	1.37157	0.794665
09:57:56	0.230955	1.21113	1.0633	0.606156
09:58:25	0.142866	0.787893	0.699146	0.438685
09:58:55	0.0886874	0.49368	0.438644	0.285554
09:59:25	0.0476964	0.282438	0.256674	0.21985
09:59:55	0.0222894	0.156874	0.157429	0.154864
10:00:26	0.00992327	0.07483	0.0965445	0.123363
10:00:55	-0.00244222	-0.00494322	0.0481309	0.0865833
10:01:25	-0.000857917	-0.0149276	0.0374991	0.073328
10:01:55	-0.00304824	-0.0128327	0.0312717	0.0964122
10:02:25	0.0106654	0.0942308	0.0250519	0.117438
10:02:56	0.140013	0.79582	0.498806	0.374748
10:03:26	0.330964	1.60417	1.39338	0.720134
10:03:56	0.278391	1.3453	1.22551	0.611296
10:04:26	0.2043	1.01511	0.93933	0.46856
10:04:56	0.124415	0.651945	0.607419	0.338933
10:05:26	0.0744078	0.398419	0.370626	0.245159
10:05:56	0.0396556	0.223444	0.222377	0.169354
10:06:26	0.0214777	0.124157	0.140167	0.135964
10:06:56	0.010609	0.0436467	0.0798566	0.097258
10:07:26	0.000688792	-0.00652179	0.0457094	0.0806797
10:07:56	-0.00209438	-0.0169364	0.0397689	0.0815552
10:08:26	-0.00205906	-0.00329115	0.0314055	0.0912667
10:08:56	0.027533	0.186654	0.0825813	0.142225
10:09:26	0.207116	0.950477	0.781343	0.389128
10:09:56	0.303368	1.30821	1.27842	0.535844
10:10:26	0.221661	0.973611	0.969105	0.403609
10:10:55	0.15517	0.710599	0.711182	0.318147
10:11:26	0.0921279	0.452616	0.454479	0.230562
10:11:56	0.0540688	0.256774	0.264827	0.17342
10:12:26	0.0280708	0.143237	0.163187	0.137317
10:12:56	0.0110074	0.0732398	0.101304	0.105798
10:13:26	0.000719899	0.000413262	0.0508868	0.0897658
10:13:55	-0.0027051	-0.0158708	0.038554	0.0954672
10:14:25	-0.00364516	-0.0205876	0.0400686	0.0829203
10:14:56	-0.00152876	-0.00073151	0.0324997	0.0772154
10:15:25	0.0402899	0.202985	0.138751	0.129432
10:15:55	0.233547	0.852875	0.883276	0.285077
10:16:26	0.279509	1.04121	1.16737	0.352409
10:16:55	0.181638	0.724325	0.810377	0.27211
10:17:26	0.104529	0.432071	0.489097	0.202399
10:17:56	0.0496786	0.205244	0.253445	0.130034
10:18:25	0.0240642	0.106182	0.15065	0.0914606
10:18:54	0.0108622	0.0588189	0.0987438	0.0836659
10:19:25	0.00106816	0.00280801	0.0504062	0.0927253
10:19:56	-0.00198077	-0.0149719	0.0409994	0.0787703
10:20:26	-0.00144961	-0.0174274	0.0395222	0.0732068
10:20:55	-0.0010712	-0.0217566	0.038233	0.08018
10:21:25	-0.00434403	0.0239614	0.0488422	0.128053
10:21:56	0.0187287	1.05317	0.179445	0.991602
10:22:26	0.16892	4.2597	0.941706	3.42223
10:22:56	0.267163	4.83346	1.4078	3.7314
10:23:26	0.232161	3.94415	1.23179	3.0221
10:23:56	0.16122	2.59472	0.87539	2.00804
10:24:26	0.09835	1.66102	0.570466	1.32907
10:24:56	0.0591183	1.03535	0.368707	0.867293
10:25:26	0.0321272	0.595241	0.230067	0.539829
10:25:56	0.014072	0.33131	0.146101	0.342007
10:26:26	0.00694612	0.15191	0.0897429	0.197034
10:26:56	-0.00165444	0.0108273	0.0521688	0.105307
10:27:26	-0.00356155	-0.00772026	0.0493499	0.0767674
10:27:56	-0.000756184	0.010582	0.0285326	0.0991243
10:28:26	0.00158562	0.56141	-0.0576071	0.569335
10:28:55	0.0626905	3.14642	0.133103	2.61107
10:29:25	0.1665	4.45348	0.694168	3.51575
10:29:55	0.15594	3.81725	0.723087	2.99485
10:30:26	0.120914	2.58836	0.594237	2.02499
10:30:56	0.0744919	1.65579	0.390321	1.32017
10:31:25	0.0415667	1.06385	0.254235	0.878161
10:31:55	0.0235466	0.64862	0.164504	0.577604
10:32:25	0.00960807	0.366591	0.104333	0.364068
10:32:56	0.00178544	0.202671	0.0761422	0.232922
10:33:25	0.00283499	0.0699819	0.0526284	0.144934
10:33:55	-0.00205739	-0.0035319	0.0374634	0.0898071
10:34:25	-0.00270859	0.0159902	0.0262119	0.112931
10:34:56	0.00233643	0.609384	-0.0628509	0.603724
10:35:25	0.0602865	3.13108	0.12954	2.61091
10:35:55	0.145403	4.15666	0.60227	3.30225
10:36:25	0.137546	3.51134	0.605571	2.78006
10:36:56	0.0967293	2.3628	0.488846	1.86251
10:37:26	0.056686	1.51799	0.321799	1.21473
10:37:54	0.0373451	0.989403	0.217727	0.829955
10:38:26	0.0162966	0.581253	0.135697	0.514812
10:38:56	0.0072591	0.327541	0.0870519	0.325549
10:39:26	-0.000771861	0.179148	0.0624259	0.218058
10:39:56	0.00191695	0.0419807	0.0410042	0.107223
10:40:26	-0.00296501	-0.00676889	0.0348606	0.0870708
10:40:56	0.00113805	0.0365813	0.0148032	0.127558
10:41:26	0.00357675	0.786153	-0.0756101	0.754589
10:41:56	0.0716704	3.32646	0.154914	2.75465
10:42:26	0.127695	3.79129	0.499696	3.02646
10:42:56	0.114457	3.12493	0.492681	2.48134
10:43:26	0.0801042	2.07029	0.385109	1.65982
10:43:56	0.0440441	1.33766	0.250215	1.08856
10:44:26	0.0240414	0.84237	0.163169	0.709011
10:44:56	0.0123354	0.49585	0.109558	0.447293
10:45:26	0.00780512	0.276983	0.072384	0.295507
10:45:56	-0.00266943	0.141706	0.0519215	0.194901
10:46:26	-0.00520789	0.0155799	0.0411422	0.0985356
10:46:56	-0.0035789	-0.0121932	0.0329336	0.0915177
10:47:25	-0.00621233	0.0303033	0.0179146	0.110262
10:47:56	-0.000884424	0.72119	-0.0779769	0.697659
10:48:25	0.0569695	3.08199	0.0963364	2.5636
10:48:55	0.108205	3.54279	0.394742	2.84738
10:49:26	0.0945742	2.91454	0.393194	2.33702
10:49:56	0.064326	1.94663	0.305359	1.57017
10:50:26	0.0400356	1.25635	0.205107	1.05022
10:50:56	0.018914	0.786201	0.133452	0.680362
10:51:25	0.0116717	0.456983	0.0874028	0.434494
10:51:56	0.00582681	0.258671	0.0632249	0.273888
10:52:25	5.06772e-05	0.126674	0.0469389	0.167457
10:52:56	-0.000136193	0.00882074	0.0358427	0.103864
10:53:25	0.000737761	-0.00929509	0.0377473	0.0926249
10:53:56	-0.00148948	0.0213524	0.0214694	0.12384
10:54:26	0.00171826	0.616863	-0.0748404	0.623417
10:54:56	0.0507884	2.78992	0.0318613	2.34122
10:55:26	0.090097	3.29991	0.299814	2.68877
10:55:56	0.0757323	2.72285	0.289793	2.22516
10:56:26	0.0503446	1.84377	0.236683	1.49755
10:56:56	0.0325099	1.18316	0.158753	0.986308
10:57:26	0.0134822	0.733741	0.105674	0.637692
10:57:56	0.0070562	0.414901	0.0688003	0.395544
10:58:26	0.00302819	0.234913	0.0484608	0.269501
10:58:56	-0.00211367	0.104749	0.0419998	0.16584
10:59:26	-0.00246607	0.00743645	0.036745	0.0889961
10:59:56	-0.00230603	-0.0114735	0.0387783	0.0859786
11:00:26	-0.00410681	0.0263448	0.0211628	0.115121
11:00:56	0.00142793	0.640507	-0.0882138	0.628647
11:01:26	0.0383427	2.63941	-0.0197164	2.23203
11:01:56	0.0663159	2.99272	0.197548	2.47361
11:02:25	0.0570615	2.44946	0.20012	2.01801
11:02:55	0.0412023	1.66018	0.164056	1.37475
11:03:26	0.0256481	1.06282	0.112647	0.915584
11:03:56	0.0148867	0.644248	0.078824	0.586661
11:04:26	0.00566343	0.361633	0.0567183	0.372739
11:04:55	-0.000581252	0.205171	0.0430443	0.247291
11:05:26	-0.00117504	0.0732666	0.0362641	0.142685
11:05:56	-0.00130916	-0.00295189	0.0341122	0.0812464
11:06:26	-0.00303284	-0.00813219	0.0313359	0.0682857
11:06:56	-0.00451281	0.0529447	0.0125623	0.129173
11:07:25	0.00323277	0.809613	-0.110123	0.78542
11:07:56	0.0355522	2.67439	-0.0417227	2.28425
11:08:25	0.0512529	2.61626	0.102441	2.20434
11:08:55	0.0404361	2.07158	0.107679	1.74477
11:09:25	0.0255285	1.38707	0.091306	1.18023
11:09:56	0.012655	0.874188	0.0631274	0.778715
11:10:26	0.00463933	0.514384	0.0452164	0.469355
11:10:56	0.000979839	0.290383	0.0393501	0.311073
11:11:26	-0.00173834	0.157815	0.0367671	0.220155
11:11:56	-0.00431334	0.0283459	0.0316536	0.106701
11:12:26	-0.00701486	-0.00696232	0.0382059	0.0841968
11:12:56	-0.00315446	-0.0150333	0.0361307	0.0713842
11:13:26	-0.00197816	0.0529611	0.0101157	0.122298
11:13:56	0.00240239	0.801129	-0.115438	0.776626
11:14:26	0.0187287	2.43647	-0.117174	2.10637
11:14:56	0.0294164	2.32409	-0.00438811	1.99155
11:15:26	0.0240845	1.82405	0.0158484	1.58258
11:15:56	0.0164436	1.22135	0.0242214	1.08538
11:16:26	0.0075224	0.761354	0.0190836	0.712024
11:16:56	0.00224541	0.446369	0.0282616	0.459141
11:17:26	-0.00017502	0.24815	0.0229082	0.28167
11:17:55	-0.00197786	0.131925	0.0275292	0.191868
11:18:24	-0.00161024	0.0180184	0.0367375	0.0961714
11:18:55	0.000531311	-0.0108912	0.0386881	0.0837758
11:19:25	-0.00304566	-0.00627534	0.0276081	0.0974099
11:19:55	0.00138901	0.249155	-0.0474468	0.310124
11:20:25	0.00152746	1.49948	-0.19438	1.39677
11:20:55	0.0138309	2.25088	-0.138996	1.9796
11:21:25	0.0101186	1.67746	-0.0630464	1.49354
11:21:55	0.00360618	1.05567	-0.0281411	0.980345
11:22:25	0.00598771	0.602541	-0.00539184	0.599051
11:22:55	-0.000890614	0.295132	0.0180214	0.336186
11:23:25	-0.000655587	0.169621	0.023322	0.234002
11:23:56	-0.00279675	0.0806069	0.0280228	0.152065
11:24:26	-0.00357849	0.00417488	0.0355849	0.0873583
11:24:56	-0.0025494	-0.0147589	0.0361515	0.068929
11:25:26	-0.00440431	-0.0172287	0.0402729	0.0714409
11:25:56	-0.00501072	-0.0148461	0.0401627	0.0841193
11:26:26	-0.00182074	0.0476881	0.0445531	0.13536
11:26:56	0.0411541	0.910844	0.27652	0.796125
11:27:26	0.218866	2.72107	1.11057	2.01452
11:27:56	0.26051	2.61826	1.31639	1.83499
11:28:26	0.203766	1.98844	1.03775	1.40099
11:28:56	0.140903	1.38339	0.745675	1.00054
11:29:25	0.0865404	0.855402	0.473794	0.651702
11:29:56	0.0463434	0.4876	0.289238	0.405111
11:30:26	0.0251376	0.266548	0.177584	0.270452
11:30:56	0.0073828	0.116489	0.10581	0.159425
11:31:26	-0.00209743	0.00204385	0.0535197	0.0872072
11:31:55	0.00171106	-0.0122776	0.0488139	0.0879875
11:32:25	-0.00178265	-0.0127097	0.0424093	0.0768193
11:32:55	-0.00124994	0.053511	0.0268038	0.128221
11:33:26	0.0253963	0.782278	0.0939252	0.688217
11:33:56	0.171134	2.4066	0.793383	1.81417
11:34:25	0.229658	2.38656	1.12612	1.71602
11:34:55	0.185068	1.87588	0.932699	1.334
11:35:26	0.129449	1.28465	0.667735	0.933703
11:35:56	0.0781146	0.811618	0.43054	0.632529
11:36:26	0.0440316	0.473929	0.266092	0.409925
11:36:55	0.0185385	0.264684	0.16218	0.259417
11:37:25	0.0114857	0.141454	0.106768	0.182158
11:37:56	-0.000321146	0.0167026	0.0569243	0.10317
11:38:25	-0.0034915	-0.00905602	0.0524041	0.0852408
11:38:55	-0.00374581	-0.0121631	0.0462653	0.0680103
11:39:26	-0.00390027	0.0142045	0.0315341	0.103894
11:39:55	0.0121986	0.457759	0.0477957	0.440349
11:40:26	0.122024	1.92475	0.549019	1.48183
11:40:56	0.20729	2.23767	1.0212	1.62347
11:41:26	0.162909	1.68485	0.820053	1.21477
11:41:56	0.117217	1.23124	0.623878	0.910897
11:42:26	0.0722673	0.780832	0.404983	0.613704
11:42:56	0.0373563	0.452591	0.250236	0.389151
11:43:26	0.0213364	0.253201	0.154331	0.250953
11:43:56	0.00796708	0.132785	0.100045	0.174232
11:44:26	-0.000684632	0.0130744	0.0513469	0.109757
11:44:56	-0.000659051	-0.0125586	0.0430353	0.0839287
11:45:26	-0.0040172	-0.016668	0.0422231	0.0859692
11:45:56	-0.00170364	-0.00221812	0.0363938	0.0789767
11:46:26	0.00483296	0.25673	0.0271985	0.290294
11:46:55	0.0865921	1.45511	0.367871	1.14587
11:47:24	0.185188	2.06083	0.875583	1.50621
11:47:56	0.14233	1.501	0.714708	1.09671
11:48:26	0.0944326	0.965136	0.485745	0.740132
11:48:55	0.051332	0.628968	0.322028	0.510051
11:49:25	0.0274443	0.357365	0.198995	0.330789
11:49:55	0.0133912	0.204285	0.123177	0.213996
11:50:26	0.00305669	0.088774	0.0825629	0.150627
11:50:56	-0.0047064	-5.42969e-05	0.0438909	0.0891854
11:51:25	-0.00292914	-0.00876247	0.0435919	0.0918692
11:51:55	-0.00435713	-0.016623	0.0414071	0.0745593
11:52:26	-0.00485187	-0.0107245	0.0370857	0.0805313
11:52:55	0.00180329	0.15701	0.0266576	0.205761
11:53:25	0.0624475	1.10735	0.256381	0.879202
11:53:56	0.158506	1.80801	0.727868	1.32022
11:54:26	0.122619	1.32982	0.609392	0.974554
11:54:56	0.0676662	0.728064	0.358408	0.566707
11:55:26	0.0274958	0.338147	0.189965	0.319482
11:55:56	0.0152517	0.181572	0.116372	0.212194
11:56:26	0.0061994	0.0944202	0.080414	0.149646
11:56:56	0.000281311	0.00684588	0.048342	0.0865855
11:57:26	-0.00185638	-0.0125574	0.0384466	0.0759036
11:57:56	-0.00406257	-0.0172144	0.0408411	0.0832695
11:58:26	0.0010538	-0.0201635	0.0426527	0.0725138
11:58:56	-0.00318906	-0.0131447	0.0370513	0.0731927
11:59:26	-0.00107057	0.0394771	0.0240122	0.10888
11:59:56	0.0276199	0.553525	0.0979872	0.486549
