Relative Time	Peak at 829 cm-1	Peak at 1204 cm-1	Peak at 1704 cm-1	Peak at 1753 cm-1	Annotations
00:00:11	0.00253416	-0.00169521	0.000556202	-0.0158281	
00:00:26	-0.00606982	-0.00352819	-0.00649007	0.00131861	
00:00:41	0.00433101	-0.00290816	0.000531006	-0.00731893	HPLC Running 
00:00:56	0.00343834	-0.00151553	0.00115627	0.00567086	
00:01:11	0.00247539	-0.0047993	-0.00171238	0.0101673	
00:01:26	-0.00471273	-0.00223812	0.00202062	0.0098522	
00:01:41	0.00248375	-0.000560358	0.000704311	0.00353018	
00:01:56	0.00154364	-0.00223488	-0.00209105	-5.47543e-06	
00:02:11	0.0012426	-0.00215614	-0.00340591	0.00693777	
00:02:26	-0.00419017	-0.00696371	0.00374727	0.00716686	
00:02:41	-0.00439001	-0.00277797	-0.00218867	0.0119383	
00:02:56	0.000558737	-0.00618992	0.00267353	0.00757429	
00:03:11	0.00354393	-0.00151384	0.00480609	0.00415833	
00:03:26	0.00232456	-0.00276603	0.00343739	-0.0131349	
00:03:41	0.000599402	-0.0021009	0.00734523	0.00867606	
00:03:56	0.00463807	0.00483712	0.00214182	-0.00175281	
00:04:11	-0.000464918	-0.0106662	0.00358203	-0.011162	
00:04:26	0.00593697	0.000509319	0.0144017	-0.00542622	
00:04:41	0.00358409	-0.0034379	0.00267654	-0.0010249	
00:04:56	0.000523615	-0.00400701	-0.000329389	-0.00920247	
00:05:11	0.00570965	-0.00224729	0.00578516	0.00695389	
00:05:25	-0.000823038	-0.00142396	0.00370162	0.0138226	
00:05:41	-0.00489633	-0.0081693	-0.000595085	0.0112891	
00:05:56	-0.00341245	-0.00679728	0.00192664	0.00995392	
00:06:11	-0.0040301	-0.00548398	0.00272249	0.0073876	
00:06:26	-0.000150742	-0.00379087	0.00415716	0.0157204	
00:06:41	0.00295077	-0.00405897	0.0112435	-0.00145073	
00:06:56	-0.00264739	-0.0103304	-0.00142526	0.0037242	
00:07:11	0.00233164	-0.00407902	0.00831119	0.0112758	
00:07:26	-0.000323068	-0.00837949	0.00884073	0.0273339	
00:07:41	0.000818741	-0.00588682	0.0092671	-0.00131505	
00:07:56	-0.0012904	-0.00351032	0.000943374	0.000688067	
00:08:11	-0.000393951	-0.00450646	0.00522198	0.00324935	
00:08:26	-0.00194196	-0.00886225	0.00131511	0.0111887	
00:08:41	0.00179229	-0.0044214	0.00975931	0.0475703	
00:08:56	-0.000799083	-0.00822704	0.00910826	0.014219	
00:09:11	-0.00612438	-0.00295838	0.00196925	-0.00318672	
00:09:26	-0.00217862	-0.00315121	0.0118044	-0.00177516	
00:09:41	-0.000853138	-0.00428309	0.00700168	-0.0127761	
00:09:56	-0.00257576	-0.00543842	0.00416508	0.0189012	
00:10:11	-0.000455353	-0.00757727	0.00327845	0.0166742	
00:10:26	-0.00129902	-0.00944091	0.00799477	0.00788064	
00:10:41	0.000575713	-0.00626421	-0.00106804	0.023829	
00:10:56	-0.00275955	-0.00568979	0.0136995	0.014171	
00:11:11	0.00475605	-0.00585003	-0.00297973	0.0265032	
00:11:26	-0.00132886	-0.00136212	0.00915689	0.020309	
00:11:41	0.00417151	0.000682241	0.004817	-0.0056487	
00:11:56	0.00203583	-0.00636035	0.0121872	0.0174729	
00:12:11	-0.00196887	-0.00674332	0.0113552	0.019193	
00:12:26	0.0024799	-0.00166226	0.0118463	0.0228156	
00:12:41	-0.00151877	-0.00718485	0.00911415	0.0244663	
00:12:56	0.00198687	-0.00320458	0.0178994	0.00931993	
00:13:11	0.00239631	-0.00441684	0.0116806	0.0406266	
00:13:26	-0.00447691	-0.00985695	-0.000624399	0.0272806	
00:13:41	-0.00682627	0.000194012	0.00778569	0.0173277	
00:13:56	-0.00353563	0.0291336	0.00869674	0.039783	
00:14:11	0.00816776	0.194205	0.0320854	0.179455	
00:14:26	0.0304182	0.715277	0.12162	0.627406	
00:14:41	0.0874857	1.77518	0.372559	1.46627	
00:14:56	0.180137	3.00705	0.764738	2.36853	
00:15:11	0.251592	3.48548	1.02645	2.69601	
00:15:26	0.243942	3.19482	0.993546	2.43992	
00:15:41	0.206083	2.77361	0.86519	2.1244	
00:15:56	0.176161	2.34571	0.74584	1.81291	
00:16:11	0.155349	1.95434	0.632194	1.50698	
00:16:26	0.113	1.54303	0.494234	1.18313	
00:16:41	0.0970235	1.20342	0.384256	0.954693	
00:16:56	0.0633978	0.927362	0.297928	0.742939	
00:17:11	0.0453697	0.691291	0.217195	0.559134	
00:17:26	0.0350122	0.507526	0.159128	0.435946	
00:17:41	0.0205054	0.371612	0.123041	0.324458	
00:17:56	0.0195405	0.276881	0.0846428	0.245697	
00:18:10	0.0184039	0.206809	0.0700796	0.19282	
00:18:26	0.0100748	0.122817	0.0360003	0.141505	
00:18:41	0.00378507	0.0402637	0.0158558	0.049838	
00:18:56	-0.00287503	0.014071	0.00794064	0.0368388	
00:19:11	0.000228387	0.00240384	0.0123352	0.0369869	
00:19:26	-0.00671283	-0.008553	0.00699467	0.047777	
00:19:41	0.00337156	-0.00420777	0.00864218	0.0399186	
00:19:56	0.00394352	0.000562872	0.00885006	0.0289257	
00:20:11	0.00145306	0.0165247	-0.000914394	0.0649959	
00:20:26	0.00652521	0.113948	0.000904409	0.120336	
00:20:41	0.0140301	0.430979	0.0194905	0.400119	
00:20:56	0.0505824	1.21095	0.115187	1.00485	
00:21:11	0.109467	2.34288	0.337342	1.8797	
00:21:26	0.176949	3.0589	0.593098	2.4184	
00:21:41	0.187125	2.92747	0.666328	2.2757	
00:21:56	0.171966	2.64362	0.596791	2.044	
00:22:11	0.151302	2.32453	0.541941	1.80876	
00:22:26	0.126856	1.94876	0.478049	1.49843	
00:22:41	0.104887	1.56132	0.387868	1.17905	
00:22:56	0.0857146	1.22565	0.292208	0.949919	
00:23:11	0.0671119	0.962166	0.227086	0.74276	
00:23:26	0.0500716	0.741268	0.170947	0.595179	
00:23:41	0.0395566	0.560629	0.128824	0.443038	
00:23:56	0.0236068	0.411683	0.0904188	0.361429	
00:24:11	0.0174905	0.302493	0.0666213	0.262871	
00:24:26	0.0173479	0.235453	0.0540301	0.175529	
00:24:41	0.010482	0.162901	0.0265982	0.160041	
00:24:56	0.00357969	0.119115	0.0220931	0.121264	
00:25:11	0.00156103	0.0449288	0.0108664	0.0574435	
00:25:26	0.0069113	0.0112346	0.000177642	0.0285239	
00:25:41	0.00334669	-0.000863907	0.0052316	0.0398272	
00:25:56	0.000825296	-0.00275201	0.00662494	0.027129	
00:26:11	0.000295863	-0.00468597	-0.00522792	0.0533145	
00:26:26	-0.000313376	0.00550925	-0.00578262	0.0520889	
00:26:41	0.00392453	0.0632812	0.00336121	0.104545	
00:26:56	0.00659354	0.283256	0.0116446	0.282765	
00:27:11	0.0223859	0.851764	0.0651492	0.742574	
00:27:26	0.078854	1.87707	0.230451	1.54131	
00:27:41	0.144263	2.75394	0.463647	2.2099	
00:27:56	0.173489	2.82353	0.599426	2.20313	
00:28:11	0.160604	2.56934	0.547978	2.02209	
00:28:26	0.141251	2.197	0.485815	1.70265	
00:28:41	0.124405	1.89711	0.435151	1.47471	
00:28:56	0.103787	1.54404	0.358994	1.19356	
00:29:11	0.0806108	1.21254	0.277275	0.961403	
00:29:26	0.0603828	0.951242	0.212126	0.746917	
00:29:41	0.0490227	0.736239	0.16516	0.587231	
00:29:56	0.0365746	0.551781	0.112292	0.454552	
00:30:11	0.0293973	0.409584	0.0883323	0.344101	
00:30:26	0.0164949	0.303237	0.0620139	0.25353	
00:30:41	0.0136638	0.220211	0.0489825	0.218191	
00:30:56	0.0138211	0.166554	0.0346533	0.185787	
00:31:11	0.00533036	0.114514	0.0200346	0.134786	
00:31:26	0.00800829	0.0429012	0.0100037	0.089093	
00:31:41	-0.00761882	0.0116767	-0.00817214	0.0412579	
00:31:56	-0.000938072	-0.000811693	-0.00164372	0.0687529	
00:32:11	-0.000529196	-0.00375547	0.00565899	0.03368	
00:32:26	0.00217829	-0.00886246	-0.00421133	0.0266288	
00:32:41	-0.00135745	-0.00226265	3.79611e-05	0.0391363	
00:32:56	0.00265848	0.0271512	0.00408733	0.057693	
00:33:11	0.00158186	0.151362	-0.00241334	0.160025	
00:33:26	0.0199363	0.524584	0.0237409	0.485226	
00:33:41	0.043413	1.31369	0.117565	1.11732	
00:33:56	0.104976	2.28843	0.311261	1.8753	
00:34:11	0.143347	2.70969	0.494932	2.1489	
00:34:26	0.153262	2.528	0.497463	1.98647	
00:34:41	0.130627	2.18518	0.436467	1.70629	
00:34:56	0.109782	1.77544	0.365193	1.384	
00:35:10	0.0947278	1.49882	0.320073	1.17498	
00:35:26	0.0794413	1.21198	0.257788	0.94249	
00:35:41	0.0545029	0.961685	0.198759	0.774449	
00:35:56	0.0486617	0.747519	0.152025	0.599615	
00:36:11	0.0307934	0.561786	0.115688	0.462598	
00:36:26	0.0232173	0.418871	0.0795224	0.341171	
00:36:41	0.0143331	0.305448	0.0570248	0.283102	
00:36:56	0.00975463	0.223306	0.0433788	0.202212	
00:37:11	0.00873079	0.170059	0.0373478	0.146302	
00:37:26	0.00814769	0.112949	0.0231575	0.133464	
00:37:40	0.00328201	0.0526754	0.0073404	0.0786072	
00:37:56	-0.0057229	0.0100225	0.00318868	0.050822	
00:38:11	-0.00269622	-0.0036484	0.00310258	0.0514356	
00:38:26	-0.00160752	-0.00496013	0.00488905	0.0301462	
00:38:41	0.00225585	-0.00832024	-0.00264108	0.0459386	
00:38:56	-0.00288117	-0.0097336	0.00934985	0.0315911	
00:39:11	0.00141262	-0.00513925	0.00431917	0.0527612	
00:39:26	-0.00220084	0.0326646	-0.00206675	0.0553789	
00:39:41	0.00567069	0.182599	-0.00362902	0.197713	
00:39:56	0.0166151	0.602342	0.0256537	0.538165	
00:40:11	0.0474925	1.4185	0.125787	1.17571	
00:40:26	0.0981353	2.27317	0.307203	1.8561	
00:40:41	0.13356	2.49695	0.439466	2.01833	
00:40:56	0.129355	2.28801	0.415354	1.84793	
00:41:11	0.108994	1.91789	0.354042	1.54653	
00:41:26	0.0832816	1.45408	0.282027	1.19432	
00:41:41	0.0633781	1.02224	0.203147	0.830319	
00:41:56	0.0413115	0.63763	0.120405	0.557809	
00:42:11	0.0222323	0.399727	0.0803902	0.359482	
00:42:26	0.0135231	0.269776	0.0505752	0.248698	
00:42:41	0.00921501	0.190577	0.0352461	0.203868	
00:42:56	0.00522794	0.140912	0.0313313	0.157824	
00:43:11	0.00810864	0.101614	0.0124532	0.120648	
00:43:26	0.00155922	0.0504571	0.0184631	0.108862	
00:43:41	-0.00264122	0.00993005	0.003912	0.0614613	
00:43:56	-0.00641441	0.00101732	0.0104619	0.0388696	
00:44:11	-0.000662163	-0.00718864	0.0064066	0.0327461	
00:44:26	-0.00206964	-0.00900576	0.00287083	0.0430758	
00:44:41	-0.0025109	-0.013632	-0.00653653	0.0614294	
00:44:56	-0.000751737	-0.0118867	-0.000744002	0.0333194	
00:45:11	-0.00150902	-0.0117893	0.00227817	0.0679592	
00:45:26	0.00315613	-0.0100393	-0.00177411	0.0400298	
00:45:41	0.00107806	0.0302498	0.00407693	0.0739676	
00:45:56	0.00377792	0.174838	0.0135622	0.188986	
00:46:11	0.0179147	0.570422	0.011188	0.511618	
00:46:26	0.0463333	1.32372	0.105725	1.14019	
00:46:41	0.0828622	2.10546	0.249722	1.74475	
00:46:56	0.111626	2.29759	0.358384	1.89767	
00:47:11	0.103122	2.09423	0.342297	1.69247	
00:47:26	0.0893845	1.70407	0.283416	1.38136	
00:47:40	0.0695591	1.21502	0.213778	0.999365	
00:47:56	0.0449972	0.768636	0.137594	0.641056	
00:48:11	0.0267009	0.478501	0.0839083	0.421766	
00:48:26	0.0159981	0.307351	0.0561347	0.297208	
00:48:41	0.0125433	0.207828	0.0408165	0.230393	
00:48:56	0.00905069	0.150312	0.0296381	0.185067	
00:49:11	0.000344782	0.109375	0.0188901	0.156062	
00:49:26	0.00225012	0.0634242	0.0146929	0.109063	
00:49:41	-0.00286157	0.0136064	0.00814766	0.054803	
00:49:56	-0.0046588	-0.00699376	0.00384538	0.0618866	
00:50:11	0.00221868	-0.00500398	0.000456472	0.0514487	
00:50:26	-0.00434802	-0.0119532	-0.00300187	0.0491163	
00:50:41	-0.00969286	-0.00969702	0.00731118	0.0716925	
00:50:56	-0.000364311	-0.0119709	0.00655734	0.0471871	
00:51:11	-0.00876933	-0.0207714	0.00593678	0.0554081	
00:51:26	-0.00638873	-0.0134441	-0.00270599	0.0533283	
00:51:41	-0.0063407	-0.00822069	0.00440266	0.0343405	
00:51:56	-0.00201675	-0.00187112	-0.00126357	0.058419	
00:52:11	-0.00235347	0.0592992	0.00482112	0.109011	
00:52:26	0.00592337	0.253983	0.00192153	0.268997	
00:52:41	0.0236868	0.742086	0.0212841	0.670016	
00:52:56	0.0414688	1.4821	0.112981	1.27377	
00:53:11	0.0774826	2.07088	0.232876	1.72956	
00:53:26	0.0961356	2.02811	0.28565	1.694	
00:53:41	0.0791465	1.81869	0.251471	1.49679	
00:53:56	0.068578	1.38318	0.204473	1.15926	
00:54:11	0.0425356	0.88908	0.137689	0.755689	
00:54:26	0.0276486	0.562062	0.0875642	0.50108	
00:54:41	0.0155398	0.350462	0.050478	0.34003	
00:54:56	0.00899464	0.23182	0.034917	0.254014	
00:55:11	0.00281902	0.161362	0.0243708	0.178348	
00:55:26	0.00233493	0.11977	0.0203083	0.172334	
00:55:41	0.00194349	0.0771816	0.0112043	0.131766	
00:55:56	0.000339225	0.018476	0.00819815	0.0646394	
00:56:11	-0.000252005	-0.00256904	0.00679186	0.0506027	
00:56:26	0.0016403	-0.00205213	-0.000364906	0.061793	
00:56:41	-0.00481816	-0.0109662	0.00608383	0.0481692	
00:56:56	-0.00267842	-0.00959038	0.0057329	0.0663706	
00:57:11	-0.000583716	-0.0102499	0.0109731	0.0584132	
00:57:26	-4.06816e-05	-0.0136846	0.00612722	0.0521072	
00:57:41	-7.91237e-05	-0.00790581	0.00139723	0.0476521	
00:57:56	0.00788728	-0.00978696	0.0147912	0.0537284	
00:58:11	0.00201767	0.0357789	0.0076658	0.0918635	
00:58:26	0.000963457	0.177186	0.00585625	0.225073	
00:58:41	0.0108521	0.541512	0.00578315	0.534459	
00:58:56	0.023288	1.17887	0.0519107	1.03848	
00:59:11	0.0514203	1.78974	0.132814	1.52004	
00:59:26	0.0605074	1.88925	0.196296	1.6045	
00:59:41	0.0609528	1.70494	0.186584	1.45176	
00:59:56	0.0490446	1.34403	0.149041	1.12951	
01:00:11	0.0362924	0.869154	0.105517	0.768895	
01:00:26	0.0168912	0.532391	0.0638029	0.500611	
01:00:41	0.0157811	0.335438	0.0418152	0.316488	
01:00:56	0.0026877	0.227841	0.0297532	0.264901	
01:01:11	0.00584158	0.152978	0.0243588	0.202594	
01:01:26	-0.00164954	0.10672	0.0150861	0.154643	
01:01:41	0.0017475	0.0760863	0.0160744	0.1238	
01:01:56	0.00354978	0.0205551	0.00321077	0.0892498	
01:02:11	-0.00130206	-0.00438734	0.0140188	0.0565997	
01:02:26	-0.00271527	-0.0138711	0.0070604	0.0461564	
01:02:41	-0.00466997	-0.0175642	0.00992412	0.0455974	
01:02:56	-0.00171269	-0.0162709	0.00551947	0.0509761	
01:03:11	-0.00554022	-0.0177451	0.0078615	0.0656568	
01:03:26	0.00585597	-0.015548	0.0070657	0.0561893	
01:03:41	-0.000914795	-0.0165346	0.00595266	0.0478506	
01:03:56	0.00511883	-0.0114571	0.0133918	0.0618916	
01:04:11	0.0028366	-0.0116175	0.0119855	0.0568237	
01:04:26	-0.00376416	0.00459778	0.0107561	0.0661475	
01:04:41	-0.00259847	0.0795275	0.0105171	0.134263	
01:04:56	0.00608918	0.309319	0.00559293	0.323508	
01:05:11	0.0107123	0.776915	0.00592185	0.719906	
01:05:26	0.0249418	1.3956	0.031604	1.25445	
01:05:41	0.040462	1.72238	0.0872873	1.51711	
01:05:56	0.0447817	1.58213	0.118459	1.37214	
01:06:11	0.0400787	1.3858	0.0946692	1.18003	
01:06:26	0.0297873	0.959276	0.0729979	0.861499	
01:06:41	0.0166948	0.583806	0.0517519	0.551091	
01:06:56	0.00513351	0.356378	0.0336942	0.364858	
01:07:11	0.000118093	0.234372	0.0302491	0.249235	
01:07:26	0.00709958	0.16678	0.0181223	0.202267	
01:07:41	-0.00368213	0.115878	0.018802	0.149396	
01:07:56	-0.00257597	0.0791398	0.0195599	0.152884	
01:08:11	-0.0049377	0.0228503	0.00982846	0.0913542	
01:08:26	-0.000998567	0.000685515	0.00463812	0.0633289	
01:08:41	-0.00591041	-0.00397659	0.00587843	0.0524554	
01:08:56	-0.00336286	-0.0164376	0.00644732	0.0684167	
01:09:11	-0.00247575	-0.0155371	0.010579	0.0494969	
01:09:26	-0.00226652	-0.0113558	0.0131824	0.0327629	
01:09:41	-0.00510923	-0.0179411	0.00131988	0.0682175	
01:09:56	0.00302893	-0.0174376	0.0105085	0.0634817	
01:10:11	-0.000364731	-0.0145331	0.0120231	0.0666313	
01:10:26	-0.00137424	-0.0127847	0.00526352	0.0527107	
01:10:41	-0.00193708	0.0183896	0.0100477	0.084298	
01:10:56	0.00393476	0.119755	0.00410663	0.147174	
01:11:11	0.00323828	0.387011	0.00332722	0.412368	
01:11:26	0.00790692	0.869428	0.00111272	0.832366	
01:11:41	0.0133271	1.37181	0.01815	1.26235	
01:11:56	0.0143585	1.50944	0.0274285	1.35467	
01:12:11	0.0208593	1.34186	0.0355484	1.20643	
01:12:26	0.016828	1.12945	0.0333502	1.0315	
01:12:41	0.0113785	0.734809	0.0246593	0.676169	
01:12:56	0.00913265	0.439539	0.0150974	0.440772	
01:13:11	0.0012997	0.279941	0.0212102	0.308925	
01:13:26	0.00307995	0.195456	0.0199655	0.236944	
01:13:41	0.000450297	0.137507	0.0167439	0.176169	
01:13:56	-0.00197468	0.101974	0.0148421	0.151698	
01:14:11	-0.00359321	0.0572427	0.0198526	0.110708	
01:14:26	-0.00394677	0.00773335	0.0106989	0.100159	
01:14:41	0.00191707	-0.00207351	0.00725291	0.0681292	
01:14:56	-0.00304294	-0.0124302	0.0103057	0.0695518	
01:15:11	-0.0050732	-0.0124408	0.0169081	0.0561647	
01:15:26	-0.000609176	-0.0122172	0.0104478	0.0705943	
01:15:41	-0.00610908	-0.0190164	0.0177636	0.0634324	
01:15:56	-0.00791219	-0.0206542	0.0110112	0.048243	
01:16:11	-0.00273542	-0.0139274	0.00715084	0.0556692	
01:16:26	0.000594774	-0.0156376	0.0184743	0.0468863	
01:16:41	-0.00583897	-0.00611862	0.0185705	0.0557471	
01:16:56	-0.00145792	0.0139571	0.0136013	0.0979891	
01:17:11	0.00194316	0.164786	0.0440572	0.216166	
01:17:25	0.0262417	0.607632	0.149036	0.565047	
01:17:41	0.110705	1.70972	0.496427	1.3865	
01:17:56	0.255085	3.09335	1.06001	2.35978	
01:18:11	0.370404	3.7855	1.50169	2.80234	
01:18:26	0.360522	3.52962	1.48168	2.5777	
01:18:41	0.322165	3.13217	1.30396	2.31533	
01:18:56	0.283947	2.74298	1.16357	2.00655	
01:19:11	0.237309	2.2363	0.974554	1.6539	
01:19:26	0.187008	1.76252	0.764227	1.31185	
01:19:41	0.141874	1.36363	0.591738	1.04026	
01:19:56	0.0997664	1.05408	0.46014	0.828017	
01:20:11	0.0788156	0.803868	0.351482	0.653327	
01:20:26	0.0541294	0.59276	0.257459	0.528982	
01:20:41	0.0410943	0.430137	0.194716	0.394829	
01:20:56	0.0228544	0.322877	0.148996	0.319371	
01:21:11	0.0258126	0.228891	0.110829	0.248867	
01:21:26	0.0123511	0.167532	0.0805746	0.189025	
01:21:41	0.00739896	0.0785054	0.048778	0.11773	
01:21:56	0.00218921	0.0128857	0.0339255	0.0861518	
01:22:11	-0.000580423	-0.00284985	0.0283514	0.0744923	
01:22:26	-0.00299052	-0.0112985	0.0201525	0.0619437	
01:22:41	-0.00128284	-0.0108165	0.0180486	0.0814643	
01:22:56	0.00021864	-0.00825903	0.0184535	0.0804942	
01:23:11	0.000431262	0.0152325	0.00962366	0.0808018	
01:23:26	0.00319255	0.137768	0.0210979	0.189449	
01:23:41	0.0259817	0.525869	0.068187	0.467	
01:23:56	0.0822729	1.41473	0.260855	1.14685	
01:24:10	0.17386	2.5665	0.612066	1.98456	
01:24:26	0.269889	3.28944	1.01129	2.48408	
01:24:40	0.278815	3.13453	1.07693	2.31388	
01:24:56	0.249114	2.82432	0.957505	2.09202	
01:25:11	0.22406	2.51789	0.889904	1.86568	
01:25:26	0.188606	2.0635	0.751031	1.49687	
01:25:40	0.151214	1.66767	0.613902	1.23028	
01:25:56	0.107107	1.27887	0.470757	0.986467	
01:26:11	0.0791141	1.00727	0.375087	0.758677	
01:26:26	0.0649522	0.774118	0.285995	0.613292	
01:26:41	0.0469374	0.595673	0.215798	0.483066	
01:26:56	0.0385083	0.441103	0.168043	0.394179	
01:27:10	0.0240034	0.32995	0.120158	0.296396	
01:27:26	0.0115903	0.233651	0.0873227	0.225524	
01:27:41	0.0179817	0.172132	0.0724165	0.211357	
01:27:56	0.00148677	0.122109	0.0533614	0.180516	
01:28:11	0.00187201	0.0484117	0.0298069	0.109416	
01:28:25	0.000724985	0.0121908	0.0320742	0.0655473	
01:28:41	-0.00166809	-0.0048203	0.0172737	0.0693454	
01:28:56	-0.00261223	-0.012864	0.0209086	0.0635599	
01:29:11	0.000539749	-0.00233004	0.0187141	0.0651528	
01:29:26	0.00215334	0.0261421	0.0123263	0.0764844	
01:29:41	0.00245252	0.146362	0.0182905	0.191433	
01:29:56	0.024043	0.563673	0.0824283	0.505968	
01:30:11	0.0864188	1.47914	0.27473	1.19463	
01:30:26	0.185057	2.62472	0.635354	2.04058	
01:30:41	0.266355	3.15676	0.979488	2.36682	
01:30:56	0.265142	2.9579	0.991883	2.21411	
01:31:11	0.235101	2.61258	0.881163	1.93443	
01:31:26	0.206732	2.3124	0.814099	1.71352	
01:31:41	0.165622	1.89112	0.681906	1.39211	
01:31:56	0.131054	1.4998	0.539164	1.1251	
01:32:11	0.102644	1.181	0.434555	0.871861	
01:32:26	0.0808408	0.922103	0.323035	0.711606	
01:32:41	0.0640595	0.710399	0.254968	0.566924	
01:32:56	0.0417221	0.544094	0.197342	0.449709	
01:33:11	0.0283979	0.395352	0.147142	0.376064	
01:33:26	0.0210597	0.290013	0.113219	0.268599	
01:33:41	0.0147965	0.210608	0.084473	0.219764	
01:33:56	0.0136112	0.154364	0.0600983	0.171944	
01:34:11	0.00830566	0.10114	0.0423283	0.145416	
01:34:26	-0.000568203	0.0252639	0.0318723	0.0861409	
01:34:41	0.00375851	0.000774036	0.0251683	0.0771525	
01:34:56	-0.00107593	-0.00467347	0.0197056	0.0684133	
01:35:11	-0.000257132	-0.0122636	0.0113059	0.0632506	
01:35:26	-0.00952749	-0.0107712	0.0173784	0.0661067	
01:35:41	-0.00520485	-0.00287274	0.014672	0.0763156	
01:35:56	-0.00297565	0.0602565	0.0129777	0.13231	
01:36:11	0.0106877	0.295557	0.0374955	0.319837	
01:36:26	0.0518987	0.922215	0.146877	0.81055	
01:36:41	0.124973	1.99636	0.435538	1.58328	
01:36:56	0.221841	2.87241	0.783334	2.19759	
01:37:11	0.260415	2.91864	0.961307	2.15759	
01:37:26	0.230833	2.64972	0.874853	2.00154	
01:37:41	0.206421	2.30451	0.781918	1.69456	
01:37:56	0.179117	1.99459	0.690701	1.49052	
01:38:11	0.147617	1.60791	0.569636	1.20477	
01:38:26	0.107793	1.26667	0.443605	0.950069	
01:38:41	0.0896751	0.98646	0.344688	0.788423	
01:38:56	0.0582572	0.766126	0.26067	0.608995	
01:39:11	0.0391786	0.580082	0.204779	0.497599	
01:39:26	0.0347108	0.429271	0.15497	0.373684	
01:39:41	0.0228514	0.310998	0.115064	0.289636	
01:39:56	0.0157763	0.222781	0.0919262	0.235321	
01:40:11	0.00783693	0.172771	0.065776	0.192062	
01:40:26	0.00488446	0.113989	0.0471418	0.164687	
01:40:41	-0.000325717	0.0488685	0.0333742	0.109455	
01:40:56	-0.00293732	0.00978396	0.0181139	0.0606187	
01:41:11	-0.000479393	-0.00534627	0.022245	0.0835368	
01:41:26	-0.000471928	-0.0123653	0.0189526	0.0639489	
01:41:41	-0.000587407	-0.0128309	0.0237812	0.0718923	
01:41:56	0.000932629	0.00237569	0.0166392	0.0777268	
01:42:11	-0.00328679	0.0854088	0.014814	0.149562	
01:42:26	0.01455	0.353984	0.0454057	0.378255	
01:42:41	0.0508464	1.04197	0.175922	0.850614	
01:42:56	0.140426	2.10656	0.471121	1.65812	
01:43:11	0.224446	2.82878	0.803122	2.15877	
01:43:26	0.242006	2.74541	0.903494	2.04837	
01:43:41	0.215351	2.45038	0.795511	1.82104	
01:43:56	0.185755	2.06063	0.693969	1.51319	
01:44:11	0.15801	1.77067	0.608567	1.33614	
01:44:26	0.129347	1.43544	0.499846	1.05872	
01:44:41	0.0958022	1.12877	0.390169	0.859175	
01:44:56	0.075771	0.880006	0.309758	0.692953	
01:45:11	0.0563562	0.682915	0.233435	0.566585	
01:45:26	0.0402517	0.51819	0.173813	0.415733	
01:45:41	0.0287302	0.369107	0.136121	0.331948	
01:45:56	0.0126673	0.267863	0.107046	0.269866	
01:46:10	0.0194796	0.207945	0.0792504	0.227262	
01:46:26	0.0123681	0.153864	0.0576477	0.177072	
01:46:41	0.00136714	0.0932678	0.0422488	0.140448	
01:46:56	0.00940672	0.0213982	0.0249296	0.0888109	
01:47:11	-0.00129823	-0.0021028	0.0199237	0.0881772	
01:47:26	-0.00439536	-0.00972747	0.0194017	0.0747393	
01:47:41	-0.00254568	-0.0172611	0.0152096	0.0651665	
01:47:56	-0.000744777	-0.0142779	0.0175735	0.0942076	
01:48:11	-0.0015367	0.00712276	0.0199289	0.0714301	
01:48:26	0.00195395	0.100234	0.0260765	0.15428	
01:48:41	0.0225924	0.391506	0.0521459	0.38573	
01:48:56	0.0646071	1.10087	0.197664	0.918506	
01:49:11	0.150057	2.10875	0.492768	1.65703	
01:49:26	0.220794	2.71826	0.771182	2.08023	
01:49:41	0.225073	2.58498	0.826031	1.93359	
01:49:56	0.19809	2.25203	0.728611	1.69976	
01:50:11	0.161633	1.81079	0.59638	1.37582	
01:50:26	0.133238	1.458	0.489442	1.11042	
01:50:41	0.102134	1.20138	0.402575	0.911283	
01:50:56	0.0844884	0.969128	0.332731	0.746603	
01:51:11	0.0656897	0.759627	0.257982	0.614845	
01:51:26	0.0496243	0.5793	0.194163	0.480378	
01:51:41	0.032715	0.432286	0.148675	0.377194	
01:51:56	0.018902	0.30453	0.109549	0.295548	
01:52:11	0.0193249	0.223854	0.0795172	0.232609	
01:52:26	0.0141671	0.167675	0.0718767	0.188127	
01:52:41	0.0047696	0.118961	0.046188	0.145297	
01:52:56	0.000335241	0.0493846	0.0290087	0.113128	
01:53:11	0.00125791	0.00756564	0.0236771	0.097273	
01:53:26	-0.00212304	-0.00127169	0.0201256	0.0823725	
01:53:41	-0.00464971	-0.0147794	0.0119576	0.0849763	
01:53:56	-0.00456028	-0.0105508	0.0212148	0.0570552	
01:54:11	-0.00149095	-0.0173022	0.0146781	0.0881942	
01:54:26	0.000165932	-0.0132443	0.0136804	0.0702383	
01:54:41	0.00577809	0.0186117	0.0170659	0.105325	
01:54:56	0.00187544	0.133377	0.0298305	0.187929	
01:55:11	0.0277275	0.491623	0.0735901	0.465011	
01:55:26	0.0823481	1.26133	0.243072	1.0453	
01:55:41	0.158919	2.21224	0.538128	1.73111	
01:55:56	0.213383	2.60696	0.753828	1.95804	
01:56:11	0.20579	2.41087	0.749131	1.81343	
01:56:26	0.176352	2.0456	0.64961	1.53258	
01:56:41	0.142254	1.57795	0.518162	1.19651	
01:56:56	0.100457	1.16689	0.387903	0.919108	
01:57:11	0.0640223	0.788207	0.261753	0.651209	
01:57:26	0.0434802	0.48944	0.165128	0.417887	
01:57:41	0.0201968	0.308729	0.110059	0.304331	
01:57:56	0.0138591	0.214449	0.0838605	0.218338	
01:58:11	0.00986147	0.15498	0.0707237	0.177676	
01:58:26	0.0105557	0.111809	0.0524654	0.159748	
01:58:41	0.00184719	0.0796108	0.0426596	0.123302	
01:58:56	2.46926e-05	0.0155079	0.0266635	0.0899201	
01:59:11	-0.0040136	-0.00447708	0.0248112	0.0600606	
01:59:26	-0.00235678	-0.014437	0.0203523	0.0817566	
01:59:41	-0.000748361	-0.0160312	0.0252684	0.075135	
01:59:55	-0.00291815	-0.0187463	0.0204126	0.0711447	
02:00:11	-0.00492583	-0.014047	0.014496	0.0422015	
02:00:26	-7.87805e-05	-0.0181846	0.0217478	0.0600258	
02:00:41	-0.00221586	-0.00962299	0.018799	0.0777464	
02:00:56	-0.00477103	0.0167441	0.0168351	0.0878945	
02:01:11	0.00598774	0.142274	0.0214385	0.205437	
02:01:26	0.0227139	0.499347	0.0670755	0.466358	
02:01:41	0.0788304	1.26059	0.238816	1.04888	
02:01:56	0.155087	2.1297	0.509488	1.67048	
02:02:11	0.201423	2.45728	0.698756	1.89312	
02:02:26	0.193042	2.26111	0.691348	1.69222	
02:02:41	0.161667	1.88338	0.584348	1.42175	
02:02:56	0.122987	1.39193	0.451428	1.07378	
02:03:11	0.085165	0.964434	0.3172	0.759697	
02:03:26	0.0521542	0.623696	0.208656	0.521066	
02:03:41	0.0343251	0.385459	0.133163	0.367355	
02:03:55	0.0196438	0.255792	0.0964738	0.254021	
02:04:11	0.0125277	0.178167	0.0681132	0.218401	
02:04:26	0.0123974	0.126023	0.0543983	0.17364	
02:04:41	0.00627986	0.0872655	0.0356308	0.128416	
02:04:56	0.00127476	0.0319053	0.0281885	0.107803	
02:05:11	-0.000164148	-0.00695387	0.0223435	0.0827427	
02:05:25	-0.00565793	-0.0118127	0.0277885	0.0659878	
02:05:41	0.00160144	-0.0132597	0.0159228	0.0714206	
02:05:56	0.00348607	-0.0166634	0.0165406	0.057277	
02:06:11	-0.00219799	-0.0162337	0.0211501	0.0648486	
02:06:26	-8.61821e-05	-0.0221472	0.0189114	0.0680704	
02:06:41	-0.00154504	-0.0185519	0.024257	0.0570623	
02:06:56	-0.00498394	-0.0188451	0.0257483	0.058086	
02:07:11	-0.00110031	0.0102218	0.0202869	0.0877402	
02:07:26	0.0093972	0.126976	0.0275509	0.173126	
02:07:41	0.028218	0.483562	0.0746288	0.455436	
02:07:56	0.0727188	1.19942	0.232738	1.01347	
02:08:11	0.143934	2.0113	0.482883	1.59424	
02:08:26	0.195468	2.31238	0.657712	1.7764	
02:08:41	0.17726	2.12795	0.629513	1.62043	
02:08:56	0.15539	1.74199	0.533009	1.3304	
02:09:11	0.105028	1.24312	0.392609	0.947763	
02:09:26	0.0726384	0.839361	0.273566	0.672609	
02:09:41	0.0399919	0.541481	0.174444	0.461323	
02:09:56	0.0307022	0.332693	0.121652	0.331624	
02:10:10	0.0214511	0.225157	0.0888255	0.232213	
02:10:26	0.00992373	0.158432	0.0701195	0.205297	
02:10:41	0.00771953	0.111736	0.0499521	0.17052	
02:10:56	0.0134595	0.0751522	0.0356982	0.147103	
02:11:11	0.00163911	0.0166171	0.023508	0.0981273	
02:11:26	-0.00464657	-0.00583455	0.0261487	0.0580678	
02:11:41	-0.0074023	-0.0131992	0.0214627	0.0694964	
02:11:56	-0.000886938	-0.0146824	0.0272146	0.0751659	
02:12:11	0.000912659	-0.0173343	0.0254377	0.0775789	
02:12:26	-0.000155914	-0.0220183	0.0204746	0.0657057	
02:12:41	-0.00555653	-0.0142797	0.0206477	0.0625003	
02:12:56	-0.000540906	-0.0147457	0.0197634	0.0659995	
02:13:11	-0.00980018	-0.0114063	0.0121721	0.0975026	
02:13:26	-0.00321194	0.0352812	0.0184758	0.117339	
02:13:41	0.00381416	0.198958	0.0357111	0.228964	
02:13:55	0.0271079	0.580884	0.093878	0.543053	
02:14:11	0.0887409	1.37741	0.276484	1.13554	
02:14:26	0.142098	2.04793	0.50093	1.59821	
02:14:41	0.17682	2.12452	0.612238	1.62013	
02:14:56	0.162543	1.91896	0.552114	1.46727	
02:15:11	0.127671	1.46959	0.432738	1.11421	
02:15:26	0.085842	1.00249	0.309429	0.788409	
02:15:41	0.0507233	0.652475	0.200674	0.534257	
02:15:56	0.0297369	0.406162	0.133806	0.383224	
02:16:11	0.0165678	0.262922	0.0975754	0.268373	
02:16:26	0.0135062	0.17346	0.072597	0.201217	
02:16:41	0.00922418	0.121848	0.0526401	0.166899	
02:16:56	0.00674304	0.086044	0.0361297	0.134093	
02:17:11	0.00472157	0.030734	0.029297	0.104886	
02:17:26	-0.00137749	-0.00410931	0.0147703	0.0787795	
02:17:41	0.00355994	-0.0105229	0.0231757	0.0718703	
02:17:56	0.00407313	-0.0159546	0.0311043	0.0689117	
02:18:11	-0.001291	-0.0203466	0.0276056	0.0546224	
02:18:26	-0.00129005	-0.0157454	0.0200439	0.0793242	
02:18:40	0.00323344	-0.0177776	0.0157669	0.0716426	
02:18:56	-0.00215586	-0.017607	0.0165213	0.0682055	
02:19:11	-0.00247432	-0.0236832	0.0200908	0.0661088	
02:19:26	-0.00719181	-0.012676	0.021303	0.0996521	
02:19:41	0.00303251	0.0544821	0.0295652	0.138703	
02:19:56	0.00175354	0.38184	0.0540311	0.432065	
02:20:11	0.0212631	1.35654	0.159669	1.26368	
02:20:26	0.0904767	3.45828	0.47006	2.93076	
02:20:41	0.19889	5.86721	0.929772	4.80977	
02:20:56	0.257784	6.47654	1.17115	5.19936	
02:21:11	0.249336	6.10834	1.11161	4.90558	
02:21:26	0.230779	5.50681	1.03426	4.47827	
02:21:41	0.191154	4.58549	0.893703	3.73389	
02:21:56	0.156824	3.6709	0.715006	3.02631	
02:22:11	0.114618	2.88189	0.566794	2.42023	
02:22:26	0.0902328	2.26147	0.44328	1.91426	
02:22:41	0.0664622	1.77351	0.345474	1.51995	
02:22:56	0.0535721	1.36674	0.270328	1.21001	
02:23:10	0.03851	1.06992	0.220443	0.956558	
02:23:26	0.027054	0.793824	0.17127	0.748719	
02:23:41	0.0175578	0.578915	0.12527	0.574807	
02:23:56	0.0141976	0.419846	0.107269	0.434724	
02:24:11	0.00803892	0.311697	0.079659	0.34453	
02:24:26	0.00802302	0.222082	0.0680753	0.277726	
02:24:40	0.00674068	0.126798	0.0413416	0.190562	
02:24:56	-0.00230579	0.0287111	0.0376194	0.10421	
02:25:11	-0.000114351	0.00125314	0.0293925	0.0838475	
02:25:26	-0.00548299	-0.011003	0.0345729	0.0968797	
02:25:41	-0.00327888	-0.00652	0.0265875	0.0622743	
02:25:56	-0.00256467	0.0212244	0.0264321	0.101613	
02:26:11	0.00428051	0.193127	0.019087	0.244198	
02:26:26	0.00670048	0.820774	0.046348	0.80183	
02:26:41	0.0396961	2.42465	0.155002	2.12834	
02:26:56	0.0961228	4.74065	0.39405	3.97858	
02:27:11	0.147426	5.99945	0.61403	4.9637	
02:27:26	0.148178	5.78877	0.654241	4.7806	
02:27:41	0.145095	5.38061	0.62181	4.42613	
02:27:56	0.131635	4.62377	0.569312	3.82855	
02:28:11	0.108993	3.77081	0.492307	3.13015	
02:28:26	0.0941467	3.0258	0.403005	2.54272	
02:28:41	0.0675167	2.38531	0.313926	2.00533	
02:28:56	0.0558905	1.87011	0.251398	1.6158	
02:29:11	0.0411727	1.4679	0.202113	1.29589	
02:29:26	0.0303563	1.15227	0.1599	1.01832	
02:29:41	0.0222244	0.893015	0.123064	0.830179	
02:29:56	0.0193068	0.683399	0.099961	0.609541	
02:30:11	0.00920158	0.505972	0.0739418	0.48702	
02:30:26	0.0083184	0.363376	0.0652162	0.386127	
02:30:41	0.00858123	0.269958	0.0539742	0.299928	
02:30:56	0.00247537	0.197438	0.0389901	0.218739	
02:31:11	-0.00365095	0.136827	0.037363	0.190416	
02:31:26	-0.00145747	0.0397745	0.0328906	0.124201	
02:31:41	-0.00263848	0.00537899	0.0280552	0.081262	
02:31:56	0.00053558	0.00172116	0.023972	0.0957241	
02:32:11	-0.00236524	0.0605179	0.0245388	0.153804	
02:32:26	0.00485614	0.360948	0.025504	0.396635	
02:32:41	0.0147912	1.29101	0.0704466	1.17341	
02:32:56	0.0551326	3.2667	0.216631	2.79116	
02:33:11	0.111733	5.34179	0.457666	4.44795	
02:33:26	0.137202	5.78558	0.593243	4.7856	
02:33:41	0.135199	5.47119	0.565343	4.53721	
02:33:56	0.1269	4.94826	0.54912	4.09148	
02:34:11	0.11016	4.14003	0.496721	3.44399	
02:34:26	0.0872123	3.32568	0.403749	2.78274	
02:34:41	0.0700561	2.64943	0.332416	2.23601	
02:34:56	0.0494002	2.08436	0.255629	1.79086	
02:35:11	0.0372565	1.62126	0.203942	1.40502	
02:35:26	0.0343563	1.27619	0.159824	1.13119	
02:35:41	0.0292834	0.99316	0.128542	0.885601	
02:35:56	0.0144162	0.755808	0.0938616	0.709793	
02:36:11	0.0153232	0.568932	0.0836806	0.540965	
02:36:26	0.0102034	0.412918	0.0699977	0.41746	
02:36:41	0.0063741	0.306638	0.0506609	0.313989	
02:36:56	0.00660584	0.227887	0.0432422	0.263699	
02:37:11	-0.00125466	0.151813	0.0410346	0.200396	
02:37:26	0.00461869	0.0690997	0.0292049	0.130338	
02:37:41	-0.00251036	0.013302	0.0247436	0.0844395	
02:37:56	0.000383396	-0.00700403	0.0165817	0.0802988	
02:38:11	-0.0030352	0.000238672	0.0131835	0.0757199	
02:38:26	0.00542132	0.0582212	0.0241256	0.148399	
02:38:41	0.00146754	0.316814	0.0267679	0.350441	
02:38:56	0.0141014	1.18452	0.0651717	1.08092	
02:39:11	0.0557382	3.05235	0.186346	2.63437	
02:39:26	0.0978417	5.07755	0.396485	4.25567	
02:39:41	0.126222	5.62868	0.532483	4.69954	
02:39:56	0.121792	5.30962	0.500148	4.43357	
02:40:11	0.117447	4.82948	0.482276	4.05649	
02:40:26	0.0973391	4.04191	0.428129	3.38355	
02:40:41	0.0797122	3.26031	0.364454	2.74001	
02:40:56	0.0640082	2.59331	0.282778	2.20524	
02:41:11	0.0526393	2.03785	0.221972	1.7475	
02:41:26	0.0431295	1.59595	0.170808	1.393	
02:41:41	0.034217	1.24827	0.141761	1.10645	
02:41:56	0.0236929	0.967728	0.116189	0.885586	
02:42:11	0.0208567	0.735872	0.0913631	0.677376	
02:42:26	0.0113274	0.55142	0.0681834	0.533499	
02:42:41	0.00293237	0.402637	0.0549347	0.413057	
02:42:56	0.00811108	0.296632	0.0484308	0.340808	
02:43:11	0.00167209	0.214936	0.037041	0.256341	
02:43:26	2.99415e-05	0.150463	0.036936	0.228351	
02:43:41	0.000203049	0.0588613	0.0301153	0.13732	
02:43:56	-0.000772823	0.00906827	0.0123801	0.0862995	
02:44:11	-0.0078555	-0.00763194	0.0210554	0.0785686	
02:44:26	-0.00376368	-0.00718596	0.0186818	0.0723496	
02:44:41	-0.00537195	0.0285279	0.0168641	0.11781	
02:44:56	0.00017638	0.20981	0.0222809	0.277774	
02:45:11	0.00964263	0.848525	0.0393087	0.82333	
02:45:26	0.0365494	2.39986	0.135588	2.10464	
02:45:41	0.073421	4.51047	0.306802	3.81898	
02:45:55	0.110257	5.47553	0.449318	4.56613	
02:46:11	0.107142	5.19928	0.445715	4.34568	
02:46:26	0.097398	4.79729	0.423476	4.01619	
02:46:41	0.095276	4.09575	0.389168	3.4272	
02:46:56	0.0732451	3.31906	0.316981	2.81136	
02:47:11	0.0548475	2.62597	0.261455	2.22161	
02:47:26	0.0433587	2.05617	0.212745	1.74871	
02:47:41	0.0347811	1.61494	0.169246	1.39833	
02:47:56	0.0323325	1.26511	0.129286	1.1351	
02:48:11	0.0193042	0.978943	0.109588	0.896164	
02:48:26	0.0172955	0.757364	0.0793384	0.706127	
02:48:41	0.0146533	0.554765	0.0632551	0.547909	
02:48:56	0.0139049	0.408692	0.0538082	0.429228	
02:49:11	0.00369503	0.298497	0.0466302	0.341926	
02:49:26	0.00600037	0.219248	0.0363023	0.248947	
02:49:41	0.00278532	0.157034	0.0351534	0.207497	
02:49:56	-0.00130258	0.058606	0.0231996	0.107745	
02:50:11	-4.20605e-05	0.00639274	0.0157122	0.09697	
02:50:26	-0.00931896	-0.0100005	0.0169624	0.0667443	
02:50:41	-3.15716e-05	-0.00776851	0.0170859	0.0914128	
02:50:56	-9.17211e-05	0.0384213	0.0200711	0.109618	
02:51:11	0.00599588	0.268112	0.0240372	0.328802	
02:51:26	0.0131713	1.01156	0.0492097	0.954122	
02:51:41	0.0259618	2.64937	0.133725	2.31871	
02:51:56	0.0717242	4.65409	0.291888	3.97973	
02:52:11	0.087877	5.27562	0.402462	4.43512	
02:52:26	0.0897126	4.94687	0.379808	4.14952	
02:52:41	0.0900174	4.52604	0.356719	3.8265	
02:52:56	0.0766507	3.8129	0.318731	3.2281	
02:53:11	0.0654822	3.08081	0.266384	2.62622	
02:53:26	0.0482001	2.44153	0.210357	2.0876	
02:53:41	0.0386012	1.90954	0.167229	1.68329	
02:53:56	0.0291291	1.49014	0.135774	1.3275	
02:54:11	0.0213044	1.16815	0.102951	1.03994	
02:54:26	0.0154981	0.904139	0.0913633	0.8324	
02:54:41	0.0102944	0.682462	0.065437	0.654103	
02:54:56	0.000340629	0.503387	0.0545612	0.515969	
02:55:11	0.00480358	0.362119	0.0414655	0.381236	
02:55:26	0.00255926	0.270781	0.0417266	0.305641	
02:55:41	0.00237029	0.196113	0.0397889	0.240655	
02:55:56	0.0086467	0.121776	0.0289338	0.202714	
02:56:11	-0.00434798	0.0364898	0.0316418	0.106024	
02:56:26	-0.00155049	0.00284591	0.0248542	0.0905575	
02:56:41	-0.00815523	-0.0075251	0.0173745	0.0852579	
02:56:56	0.00369916	0.00506602	0.02753	0.0825619	
02:57:11	0.0025031	0.0957528	0.0161772	0.19027	
02:57:26	0.00541628	0.470194	0.0303398	0.495736	
02:57:41	0.0114159	1.52703	0.0514574	1.40944	
02:57:56	0.037568	3.41656	0.152717	2.94284	
02:58:11	0.0697098	4.95979	0.290087	4.2199	
02:58:26	0.083603	4.96533	0.346613	4.19264	
02:58:41	0.0735359	4.59284	0.310181	3.89783	
02:58:56	0.0699386	4.09686	0.284297	3.48216	
02:59:11	0.0616607	3.37222	0.2496	2.89056	
02:59:25	0.0468882	2.7305	0.212326	2.36343	
02:59:41	0.0365462	2.10297	0.172974	1.85583	
02:59:56	0.0293536	1.64242	0.132612	1.46628	
03:00:11	0.0243679	1.28887	0.107864	1.17086	
03:00:26	0.0185418	1.0036	0.0827163	0.921769	
03:00:41	0.0144958	0.768027	0.0663205	0.731128	
03:00:56	0.0108947	0.56623	0.0596239	0.557063	
03:01:11	0.00346959	0.407664	0.0460339	0.439286	
03:01:26	0.00638024	0.298981	0.0333883	0.342999	
03:01:41	0.00444216	0.223023	0.0252434	0.265457	
03:01:56	-0.0013682	0.158812	0.0344525	0.198233	
03:02:11	0.00213053	0.0619058	0.0247658	0.127266	
03:02:26	-0.00396224	0.00938124	0.0270593	0.0930461	
03:02:41	-0.0104048	-0.00341307	0.0203808	0.0765331	
03:02:56	-0.00360995	-0.0108287	0.0167807	0.0885	
03:03:11	-0.00286848	-0.00105114	0.017301	0.0889167	
03:03:26	0.00296124	0.0721217	0.0228618	0.168	
03:03:41	0.00924903	0.404874	0.026217	0.434142	
03:03:56	0.00777498	1.33365	0.0388117	1.25444	
03:04:11	0.0285426	3.14321	0.122887	2.73293	
03:04:26	0.0578489	4.68562	0.22014	3.9904	
03:04:41	0.0597505	4.80037	0.265666	4.0937	
03:04:56	0.0548188	4.42502	0.244713	3.76404	
03:05:11	0.0596797	3.96511	0.22622	3.40405	
03:05:26	0.0411524	3.2833	0.202605	2.84614	
03:05:41	0.0371388	2.60945	0.161206	2.29537	
03:05:56	0.0312685	2.06488	0.130974	1.82624	
03:06:11	0.0223847	1.61655	0.113223	1.4523	
03:06:26	0.0168323	1.26594	0.0820406	1.15929	
03:06:41	0.00637837	0.981189	0.071715	0.920148	
03:06:56	0.00806362	0.744255	0.0623853	0.722103	
03:07:11	0.0105201	0.54251	0.0432078	0.544902	
03:07:26	-0.000452496	0.389035	0.0443301	0.415353	
03:07:41	0.00747556	0.287279	0.0355104	0.340599	
03:07:56	0.0019568	0.208677	0.0292298	0.303112	
03:08:11	0.00481334	0.147639	0.028564	0.198527	
03:08:26	-0.00691293	0.0527665	0.0192715	0.129549	
03:08:41	-0.00446365	0.00928706	0.0230916	0.0818723	
03:08:56	0.000351632	-0.00145318	0.0193553	0.0685421	
03:09:11	0.000951599	-0.0129774	0.0216792	0.0834091	
03:09:26	-0.00222747	-0.000698047	0.0137775	0.0843429	
03:09:41	0.00155814	0.067457	0.0192798	0.149772	
03:09:56	0.00330935	0.380617	0.0286054	0.417883	
03:10:11	0.00799109	1.2716	0.0351132	1.21166	
03:10:26	0.0128832	2.95842	0.076747	2.626	
03:10:41	0.0321099	4.47881	0.155581	3.85025	
03:10:56	0.0338435	4.6031	0.188026	3.9465	
03:11:11	0.0394644	4.21908	0.17464	3.63626	
03:11:26	0.0347968	3.79558	0.16238	3.28965	
03:11:41	0.0311174	3.14912	0.146003	2.74109	
03:11:56	0.0291273	2.50652	0.117894	2.22703	
03:12:11	0.021916	1.97582	0.101473	1.75628	
03:12:26	0.0187905	1.53682	0.0758446	1.40512	
03:12:40	0.00977707	1.2238	0.0623478	1.12866	
03:12:56	0.00848392	0.925103	0.0459286	0.871419	
03:13:11	0.00388286	0.687716	0.0479215	0.667725	
03:13:26	0.00721068	0.509367	0.0457587	0.53151	
03:13:41	-0.000590095	0.367374	0.0262342	0.411692	
03:13:56	-0.00193208	0.26509	0.0276643	0.316503	
03:14:11	0.00145248	0.198471	0.0312267	0.269773	
03:14:26	0.00311816	0.126947	0.0246877	0.191421	
03:14:41	-0.00613702	0.0393806	0.0242209	0.109972	
03:14:56	0.0016136	-0.000949013	0.0248922	0.0814091	
03:15:11	0.000653288	-0.00957684	0.0197751	0.0652138	
03:15:26	-0.00378457	-0.0136195	0.0179275	0.072503	
03:15:41	-0.000938104	0.000565332	0.0181645	0.0841087	
03:15:56	-0.00668269	0.0622903	0.0135812	0.131475	
03:16:11	0.000206753	0.349384	0.0186137	0.413529	
03:16:26	0.00277897	1.17041	0.0362583	1.12284	
03:16:41	0.0114745	2.79238	0.0596818	2.51456	
03:16:55	0.0127329	4.17753	0.0971697	3.65686	
03:17:11	0.0205227	4.40146	0.11831	3.83268	
03:17:26	0.0222651	3.98933	0.107498	3.48508	
03:17:41	0.0130179	3.5988	0.102516	3.15138	
03:17:56	0.0191166	2.99632	0.0927225	2.64209	
03:18:11	0.0137002	2.39434	0.0734198	2.14245	
03:18:26	0.0138249	1.87557	0.0725636	1.71185	
03:18:41	0.00981491	1.46538	0.0540634	1.364	
03:18:56	0.0010388	1.13491	0.0446226	1.0712	
03:19:11	0.00290842	0.871718	0.0435714	0.842307	
03:19:26	0.00837159	0.654048	0.0289022	0.661244	
03:19:41	0.00011127	0.481449	0.0305088	0.504486	
03:19:55	0.00198356	0.350764	0.0329752	0.412397	
03:20:11	-0.00205078	0.253001	0.0304612	0.317396	
03:20:26	-0.00262848	0.186705	0.0248239	0.26173	
03:20:41	-0.00129226	0.111727	0.0204928	0.156891	
03:20:56	-0.00229827	0.0257181	0.0199545	0.0876508	
03:21:11	-0.00482962	-0.00726371	0.0255423	0.0862198	
03:21:26	-0.00131469	-0.00776642	0.0171593	0.0763016	
03:21:41	-0.000520697	-0.0119886	0.0253026	0.0846848	
03:21:56	-0.00387085	-0.00354524	0.0207124	0.0721113	
03:22:11	-0.00621993	0.0504245	0.0198896	0.129433	
03:22:26	0.00762951	0.313237	0.0580757	0.349293	
03:22:41	0.0361822	0.994098	0.203404	0.899416	
03:22:56	0.111727	2.18241	0.514364	1.81018	
03:23:11	0.209998	3.29364	0.908282	2.63767	
03:23:26	0.24894	3.38859	1.06457	2.65046	
03:23:41	0.220733	3.05307	0.965624	2.39816	
03:23:56	0.182587	2.50892	0.806335	1.97888	
03:24:11	0.1531	2.04013	0.676872	1.6154	
03:24:26	0.125579	1.70235	0.575696	1.37531	
03:24:41	0.0981467	1.35782	0.455759	1.11763	
03:24:56	0.0785189	1.0545	0.355711	0.903587	
03:25:11	0.0527787	0.794607	0.277978	0.712633	
03:25:26	0.0401219	0.581985	0.213058	0.526391	
03:25:41	0.0286599	0.42527	0.158111	0.40605	
03:25:56	0.0182008	0.30805	0.129985	0.327938	
03:26:11	0.00784423	0.233946	0.112617	0.269374	
03:26:26	0.00684639	0.153341	0.0721309	0.234056	
03:26:41	0.000783718	0.0406478	0.0515668	0.114722	
03:26:56	-0.0042133	0.00101516	0.0275227	0.0881996	
03:27:11	-0.00371824	-0.0120571	0.0232919	0.0586875	
03:27:26	-0.0056784	-0.0117524	0.0260503	0.0735271	
03:27:41	0.0033596	-0.0187289	0.0253676	0.0723343	
03:27:56	-0.00628983	-0.0163542	0.0238976	0.0571524	
03:28:11	-0.00454183	-0.0182379	0.0191601	0.0713825	
03:28:26	-0.00427007	0.0320429	0.0334446	0.100643	
03:28:41	0.00565166	0.243178	0.0414103	0.292548	
03:28:56	0.0327547	0.840457	0.121222	0.78598	
03:29:11	0.0913611	1.94185	0.347919	1.61049	
03:29:25	0.154765	2.93393	0.638988	2.39247	
03:29:41	0.207352	3.17825	0.855148	2.52946	
03:29:56	0.192549	2.86906	0.791086	2.28716	
03:30:11	0.155062	2.35904	0.673612	1.88511	
03:30:26	0.127224	1.89704	0.572622	1.54004	
03:30:41	0.106183	1.58834	0.490018	1.30227	
03:30:56	0.0822147	1.30015	0.405327	1.08118	
03:31:11	0.0586093	1.01594	0.305778	0.857307	
03:31:26	0.0471142	0.777925	0.241461	0.686405	
03:31:41	0.032467	0.58564	0.188906	0.523005	
03:31:56	0.0238331	0.41958	0.136844	0.421417	
03:32:11	0.0149818	0.314211	0.104465	0.313564	
03:32:26	0.0146819	0.230284	0.0811825	0.276906	
03:32:41	0.00971795	0.162589	0.0734715	0.218635	
03:32:56	-0.000571435	0.0757042	0.0442643	0.1501	
03:33:10	0.00293925	0.0190115	0.0325177	0.0950681	
03:33:26	0.00140615	-0.00651184	0.0318503	0.0856446	
03:33:41	0.00263519	-0.0151153	0.0276982	0.0685912	
03:33:56	0.00128739	-0.0155014	0.0246509	0.0965475	
03:34:11	0.0048104	-0.0174666	0.0228377	0.0642305	
03:34:26	-0.00212872	-0.017024	0.0221471	0.0660233	
03:34:41	-0.00106524	0.000736855	0.0176497	0.101482	
03:34:56	-0.000748009	0.110555	0.0283819	0.172361	
03:35:11	0.0126612	0.481178	0.0762078	0.480527	
03:35:26	0.0582782	1.31369	0.209612	1.14639	
03:35:41	0.12076	2.41084	0.469993	1.99215	
03:35:56	0.17243	3.0265	0.717903	2.4486	
03:36:11	0.174151	2.83346	0.753976	2.26845	
03:36:26	0.154992	2.42545	0.644658	1.96909	
03:36:41	0.114197	1.86634	0.519888	1.51876	
03:36:56	0.087685	1.37083	0.386809	1.12	
03:37:11	0.0541563	0.910786	0.261565	0.792586	
03:37:26	0.0336398	0.556108	0.179525	0.5308	
03:37:41	0.0248555	0.356328	0.120821	0.359728	
03:37:56	0.0187745	0.249401	0.0956461	0.280089	
03:38:11	0.00617746	0.184122	0.078011	0.252223	
03:38:26	0.00543948	0.127807	0.0616735	0.195196	
03:38:41	0.00480281	0.069095	0.0495127	0.151015	
03:38:56	-0.00132491	0.00775087	0.029615	0.0678362	
03:39:11	0.000989215	-0.00917636	0.0261027	0.0640302	
03:39:26	0.00159987	-0.0145536	0.032713	0.064172	
03:39:41	-0.00267751	-0.0163419	0.0220499	0.080491	
03:39:56	-0.000290362	-0.0176367	0.0319587	0.086875	
03:40:11	-0.00325084	-0.0185066	0.0274122	0.0655319	
03:40:26	-0.0052282	-0.0183431	0.0205592	0.101753	
03:40:41	-0.000294105	-0.00660587	0.0274132	0.0692612	
03:40:56	-0.000824805	0.0647594	0.02271	0.138402	
03:41:11	0.00718209	0.341947	0.0528862	0.373077	
03:41:26	0.0406082	1.01952	0.151845	0.898673	
03:41:41	0.0906893	2.02496	0.354474	1.70942	
03:41:56	0.145983	2.7773	0.583371	2.26407	
03:42:11	0.159203	2.69475	0.668865	2.1722	
03:42:26	0.138376	2.37986	0.592795	1.93124	
03:42:41	0.111175	1.79229	0.468941	1.46868	
03:42:56	0.0726665	1.24277	0.327531	1.04775	
03:43:11	0.0482393	0.797465	0.226585	0.707272	
03:43:26	0.0257526	0.492197	0.148367	0.477667	
03:43:41	0.0216288	0.318424	0.105306	0.343394	
03:43:56	0.0141005	0.221188	0.0825683	0.235039	
03:44:11	0.00847346	0.160317	0.0689879	0.226383	
03:44:25	0.00346016	0.114769	0.0558623	0.156355	
03:44:41	6.58651e-05	0.0371902	0.0298583	0.123632	
03:44:56	-0.000785623	-0.000662124	0.0248635	0.0815344	
03:45:11	-0.000943279	-0.018203	0.0309101	0.0639945	
03:45:26	-0.00230797	-0.0199629	0.0241388	0.065941	
03:45:41	-0.00983843	-0.0185463	0.0276522	0.0819818	
03:45:56	-0.00122894	-0.0185258	0.0266822	0.0606976	
03:46:11	-0.00679275	-0.0263071	0.0142556	0.0499506	
03:46:26	-0.00491132	-0.0202178	0.0220124	0.0587134	
03:46:41	-0.00280328	-0.0213624	0.0209043	0.0798358	
03:46:56	-0.008073	-0.00343775	0.0175082	0.0933949	
03:47:11	0.00464534	0.0763774	0.0271968	0.148188	
03:47:26	0.0112081	0.371685	0.0538275	0.405344	
03:47:41	0.0459514	1.0688	0.160565	0.959078	
03:47:56	0.0936032	2.0448	0.355897	1.71979	
03:48:11	0.134499	2.63258	0.540416	2.1607	
03:48:26	0.140969	2.47112	0.563901	2.01774	
03:48:41	0.118498	2.12916	0.488788	1.7384	
03:48:56	0.0837475	1.50415	0.366992	1.24768	
03:49:11	0.0572071	0.988652	0.255664	0.854293	
03:49:26	0.0394333	0.632977	0.164111	0.599731	
03:49:41	0.0248675	0.397439	0.115947	0.40536	
03:49:56	0.0106575	0.26129	0.0810319	0.275971	
03:50:11	0.00820578	0.178705	0.0733925	0.246575	
03:50:26	0.00513233	0.129296	0.0527561	0.192561	
03:50:41	1.36918e-05	0.0683582	0.0353571	0.139136	
03:50:56	-0.000903061	0.00750225	0.0247787	0.102082	
03:51:11	-0.00158984	-0.0103267	0.0211289	0.0669952	
03:51:26	-0.00266725	-0.0151408	0.0266204	0.0668018	
03:51:41	-0.000884701	-0.0170833	0.0239778	0.085034	
03:51:56	-0.00298926	-0.0179691	0.0271035	0.0719763	
03:52:11	-0.00318827	-0.025054	0.0274708	0.0657782	
03:52:26	-0.00263001	-0.0263434	0.0254918	0.0818297	
03:52:41	-0.00961291	-0.0231093	0.0232311	0.0760585	
03:52:56	0.000186012	-0.0210096	0.0258792	0.0754324	
03:53:11	-0.00517924	-0.00591144	0.0252217	0.0860262	
03:53:26	-0.0036486	0.0516439	0.02978	0.13583	
03:53:41	0.0063853	0.280339	0.047062	0.316414	
03:53:55	0.0228391	0.819089	0.110353	0.737014	
03:54:11	0.070338	1.75666	0.275423	1.4957	
03:54:26	0.112232	2.40473	0.431341	2.00266	
03:54:41	0.124283	2.32988	0.480542	1.92765	
03:54:56	0.101152	2.06069	0.425362	1.68678	
03:55:11	0.0803182	1.5012	0.329728	1.26624	
03:55:26	0.0516544	0.954101	0.224674	0.850226	
03:55:41	0.0271864	0.602991	0.154196	0.573556	
03:55:56	0.0180936	0.367223	0.0944847	0.381542	
03:56:11	0.0138456	0.253229	0.0711266	0.283091	
03:56:26	0.0073048	0.176476	0.0583267	0.234259	
03:56:41	0.00521932	0.123614	0.053303	0.178483	
03:56:56	-0.00109513	0.0542351	0.036137	0.141524	
03:57:11	-0.0109091	0.00680192	0.0254134	0.0780318	
03:57:26	-0.00045003	-0.0160177	0.0248611	0.0739375	
03:57:41	-0.00289885	-0.0201192	0.0314607	0.0752759	
03:57:56	0.00448197	-0.0235488	0.0283173	0.0830241	
03:58:11	-0.000489345	-0.022419	0.0243145	0.0767834	
03:58:26	0.00405494	-0.0280552	0.0225022	0.0809797	
03:58:41	-0.00513007	-0.0243014	0.0255493	0.0596674	
03:58:56	-0.00753879	-0.0244292	0.0263082	0.073413	
03:59:11	-0.00640424	-0.0222838	0.0205237	0.0753331	
03:59:26	-0.00643199	-0.019719	0.01634	0.0600893	
03:59:41	-0.00251206	-0.00780153	0.0301261	0.0723405	
03:59:56	0.000228921	0.0729459	0.0300725	0.158753	
04:00:11	0.00878216	0.343367	0.0456752	0.372061	
04:00:26	0.0324411	0.948208	0.113894	0.832888	
04:00:41	0.0696765	1.77542	0.258083	1.51639	
04:00:56	0.101748	2.26118	0.376176	1.88819	
04:01:11	0.099357	2.09478	0.385704	1.74714	
04:01:26	0.0856052	1.8188	0.335662	1.53695	
04:01:41	0.0566687	1.2477	0.252869	1.07438	
04:01:56	0.0354692	0.77655	0.15765	0.696687	
04:02:11	0.025357	0.476137	0.0992619	0.461407	
04:02:26	0.0149813	0.305783	0.0837266	0.341811	
04:02:41	0.00614672	0.209541	0.0618269	0.239327	
04:02:56	0.00934707	0.143897	0.0565781	0.195214	
04:03:11	-0.000170865	0.0938836	0.0456974	0.147837	
04:03:26	-0.00143979	0.0193158	0.0255293	0.0914267	
04:03:41	-0.00192074	-0.0104152	0.0248985	0.0801334	
04:03:56	-0.00532603	-0.0131531	0.0274537	0.0989448	
04:04:11	9.15441e-05	-0.018745	0.0235145	0.0633324	
04:04:26	-0.0029586	-0.0210196	0.0241792	0.0845062	
04:04:41	-0.00707688	-0.0196623	0.0201193	0.0581738	
04:04:56	0.00163878	-0.0192598	0.0174634	0.0587478	
04:05:11	-0.00800751	-0.0217356	0.0310092	0.0600112	
04:05:26	-0.00576638	-0.0260343	0.02477	0.0576609	
04:05:41	-0.00742034	-0.0232487	0.028884	0.0563667	
04:05:56	-0.000618941	0.00436571	0.0266757	0.0842206	
04:06:11	0.000605188	0.117594	0.0317296	0.17612	
04:06:26	0.00748614	0.460498	0.0613647	0.45813	
04:06:41	0.0317458	1.12147	0.12829	1.04296	
04:06:56	0.0646497	1.84009	0.242088	1.5837	
04:07:11	0.091955	2.0623	0.312348	1.74249	
04:07:26	0.0773677	1.8452	0.294114	1.58194	
04:07:41	0.0649711	1.51032	0.246709	1.3195	
04:07:56	0.0399989	0.96336	0.162813	0.871689	
04:08:11	0.0139864	0.574558	0.106532	0.556763	
04:08:26	0.0130452	0.358068	0.07095	0.383783	
04:08:41	0.0101314	0.239811	0.0532627	0.282064	
04:08:56	0.00765501	0.164809	0.0426519	0.213384	
04:09:10	0.00514749	0.118722	0.0323107	0.19125	
04:09:26	0.000967998	0.0451941	0.0362194	0.12456	
04:09:41	0.000946399	0.00054976	0.0191504	0.0765394	
04:09:56	-4.47862e-05	-0.0165005	0.0186027	0.0585139	
04:10:11	-0.000335287	-0.0184624	0.0226607	0.0602856	
04:10:26	-0.00676314	-0.016798	0.0209502	0.0799388	
04:10:41	-0.00312104	-0.0233452	0.0182646	0.0683429	
04:10:56	-0.00384829	-0.021244	0.0271414	0.0753273	
04:11:11	-0.00639262	-0.0234308	0.0264285	0.077987	
04:11:26	-0.00482753	-0.0240905	0.0231101	0.0885584	
04:11:41	-0.0105073	-0.0279962	0.0271117	0.0846309	
04:11:56	-0.00460955	-0.027281	0.0260052	0.0662238	
04:12:11	-0.00042748	-0.00201961	0.0251709	0.094159	
04:12:26	-0.000525852	0.0751307	0.0197109	0.153216	
04:12:41	0.0044432	0.329825	0.034878	0.378396	
04:12:56	0.0158868	0.871156	0.0776883	0.816599	
04:13:11	0.0402257	1.54018	0.15412	1.39289	
04:13:26	0.0586441	1.88405	0.226774	1.66566	
04:13:41	0.0536372	1.69009	0.218952	1.4943	
04:13:56	0.0470858	1.47178	0.194498	1.29816	
04:14:11	0.0277163	0.98816	0.145071	0.925074	
04:14:26	0.00898216	0.597171	0.094905	0.579218	
04:14:41	0.0161958	0.363695	0.0734769	0.399258	
04:14:55	0.00376022	0.255478	0.0510156	0.305877	
04:15:11	0.0036591	0.174763	0.0400096	0.238654	
04:15:26	-0.00190241	0.121931	0.0433053	0.203968	
04:15:41	-0.00307885	0.0576669	0.0310999	0.11005	
04:15:56	0.00176801	0.00360301	0.0282491	0.0940407	
04:16:10	-0.00329727	-0.0130857	0.0244121	0.0543067	
04:16:26	-0.00211331	-0.0172296	0.0122608	0.0738938	
04:16:41	-0.00174816	-0.0222198	0.0245225	0.0924028	
04:16:56	-0.00506061	-0.0144709	0.0267063	0.0635637	
04:17:11	-8.89936e-07	-0.0257913	0.0175826	0.0936974	
04:17:26	-0.000512839	-0.0191814	0.0200195	0.049766	
04:17:41	-0.000446974	-0.0208326	0.0234314	0.0649863	
04:17:56	-0.000867033	-0.0218022	0.0224015	0.0760331	
04:18:11	0.00410936	-0.0230846	0.0181861	0.0677586	
04:18:26	-0.00859592	-0.0148763	0.0234425	0.0613972	
04:18:41	-0.00637973	0.0198794	0.0222309	0.102553	
04:18:56	0.00253427	0.170568	0.0248453	0.243147	
04:19:11	0.00603993	0.545532	0.0402555	0.543049	
04:19:26	0.0158261	1.12809	0.0621327	1.06064	
04:19:41	0.0276178	1.60884	0.112987	1.43357	
04:19:56	0.0374265	1.58542	0.135306	1.42466	
04:20:11	0.029694	1.40771	0.122278	1.29457	
04:20:26	0.0153768	1.09017	0.102883	1.00485	
04:20:41	0.013263	0.670992	0.0679078	0.661234	
04:20:56	0.00317694	0.423727	0.0495876	0.436826	
04:21:11	0.00522558	0.281822	0.0339688	0.331416	
04:21:26	0.00182593	0.199059	0.0389767	0.24163	
04:21:41	0.000899754	0.14704	0.0323803	0.195159	
04:21:56	-0.000924055	0.0816586	0.0233237	0.177111	
04:22:11	0.00137546	0.0083546	0.00850894	0.10809	
04:22:26	-0.00360742	-0.0142688	-0.00233309	0.0702787	
04:22:41	-0.00881551	-0.0256855	-0.00722859	0.0798862	
04:22:56	-0.00472384	-0.0231482	-0.00657537	0.0724441	
04:23:11	-0.0090834	-0.0238559	0.00254178	0.093916	
04:23:26	-0.00348317	-0.0188015	0.0111607	0.0680289	
04:23:41	-0.0071203	-0.0247171	0.0172187	0.0729922	
04:23:56	0.00151076	-0.0243056	0.0188279	0.0962524	
04:24:11	-0.0038716	-0.025753	0.0245053	0.0513733	
04:24:26	-0.00638847	-0.0196702	0.025807	0.0586091	
04:24:41	0.00232802	-0.0162516	0.0155791	0.0534822	
04:24:56	-0.00747096	-0.0186669	0.0270352	0.0633743	
04:25:11	-0.00315273	-0.0218193	0.0228862	0.0746174	
04:25:26	-0.00327066	-0.0253231	0.0201035	0.0651965	
04:25:41	0.00142625	-0.0240803	0.0280063	0.0656394	
04:25:56	-0.00507192	-0.0276152	0.0274522	0.0748806	
04:26:11	-0.00438779	-0.0240329	0.0192988	0.0525461	
04:26:26	-0.00349141	-0.0254602	0.0184155	0.0742994	
04:26:41	-0.00385731	-0.0222861	0.032335	0.0545493	
04:26:56	-0.00275416	-0.0282899	0.0256144	0.0728848	
04:27:11	-0.00201015	-0.0287813	0.0207831	0.0670092	
04:27:26	-0.0104339	-0.0219421	0.022335	0.0596934	
04:27:40	-0.00467566	-0.0271999	0.026471	0.0677637	
04:27:56	-0.000571605	-0.0244836	0.0208922	0.0608689	
04:28:11	-0.00261827	-0.0163799	0.0266824	0.0653486	
04:28:26	-0.000572581	-0.0224738	0.0140608	0.0623118	
04:28:41	-0.000892836	-0.0276166	0.0312965	0.0636471	
04:28:55	-0.00280899	-0.0271133	0.0146207	0.078611	
04:29:11	-0.00194964	-0.0245151	0.0189577	0.0649464	
04:29:26	-0.00196575	-0.0246558	0.0206462	0.0517134	
04:29:41	-0.00479201	-0.0264692	0.0224954	0.0726525	
04:29:56	-0.00479995	-0.0265988	0.0166827	0.0691465	
