Relative Time	Peak at 1100	Peak at 1125	Peak at 1650	Annotations
00:00:26	-0.00650828	-0.000478675	-0.00326542	
00:00:56	-0.00150253	-0.000671118	-0.00130034	
00:01:26	-0.00357738	0.003906	-0.00413954	
00:01:56	-0.00454904	-0.00197021	-0.000962508	HPLC Start 
00:02:26	-0.00410889	0.00682553	-0.00380661	
00:02:56	-0.000789581	0.000975318	0.000212113	
00:03:26	-0.00429212	0.00202174	0.00644445	
00:03:56	-0.00860247	0.00185038	0.00518231	
00:04:26	-0.00103946	-0.00117003	0.00715537	
00:04:56	-0.00211611	-0.001819	-0.006781	
00:05:26	-0.00425562	-0.00104794	-0.0016822	
00:05:56	-0.00033221	-0.00267355	-0.00517509	HPLC Running 
00:06:26	-0.00569116	-0.00247752	-0.00930199	
00:06:56	-0.0042917	0.0015244	-0.0047881	
00:07:26	-0.00480116	7.44888e-05	0.000985021	
00:07:56	0.000542226	-0.00359282	-0.000305438	
00:08:26	-0.00321243	0.000170741	-0.00836973	
00:08:55	-0.00476459	0.00077517	0.00300142	
00:09:26	-0.0094413	0.000498512	-0.00551329	
00:09:56	-0.00217671	0.00210369	-0.00805223	
00:10:26	-3.23176e-06	-0.000625459	0.00633033	
00:10:56	-0.00580872	5.01178e-06	0.0047632	
00:11:26	-0.00263865	0.00295216	-0.00196629	
00:11:56	-0.00425369	-0.0038954	-0.00821553	
00:12:26	-0.00370724	-0.00076489	0.011172	
00:12:56	-0.00125699	-0.0006064	0.00558775	
00:13:26	-0.0127127	-0.00261736	0.00548663	
00:13:56	-0.00490977	0.00101516	-0.00281052	
00:14:26	-0.00606214	0.000632552	-0.00169733	
00:14:56	-0.00764151	-0.000351437	-0.0104498	
00:15:26	-0.00445707	-0.00136893	-0.00245173	
00:15:56	-0.00975534	-0.0038392	-0.00220497	
00:16:26	-0.00315905	0.000523907	-0.00262424	
00:16:56	-0.00824782	-0.00374616	-0.0143595	
00:17:26	-0.00525968	-0.000301218	-0.00566853	
00:17:56	-0.00723208	0.00173931	-0.00916853	
00:18:26	-0.0132403	0.000956084	0.00254933	
00:18:56	-0.00906788	0.00246842	0.00514347	
00:19:26	-0.00374135	-0.00109889	-0.0113915	
00:19:56	-0.00816237	-0.00128995	-0.0117337	
00:20:26	-0.00724051	-0.00289354	-0.0107901	
00:20:56	-0.00285025	-0.000956714	0.00673771	
00:21:26	0.00896004	0.022771	0.00652798	
00:21:56	0.0677116	0.130283	0.12613	
00:22:26	0.0971541	0.161447	0.144435	
00:22:56	0.0297992	0.0565015	0.0310766	
00:23:26	0.000411572	0.00685732	-0.0104963	
00:23:56	-0.00780398	-3.49989e-06	-0.00215013	
00:24:26	-0.00250133	0.00019171	-0.00407398	
00:24:56	-0.0114997	0.000810793	-0.00478148	
00:25:26	-0.00612589	0.00118356	-0.00634694	
00:25:56	-0.00504874	-0.00187299	-0.00597703	
00:26:26	-0.00764022	-9.00258e-05	-0.00889407	
00:26:56	-0.00752068	-0.00218788	0.002834	
00:27:26	-0.00764281	-0.000943512	-0.00904526	
00:27:56	-0.00748244	-0.0010156	-0.0122395	
00:28:26	-0.0118623	-0.00179966	-0.000342207	
00:28:56	-0.00529839	-0.0052221	-0.000656986	
00:29:26	-0.00682015	0.00142424	0.000977648	
00:29:56	-0.00756346	0.00072057	-0.0145202	
00:30:26	-0.00480801	0.000372504	-0.011011	
00:30:56	-0.00669131	-0.000767212	0.0107739	
00:31:26	-0.00786039	0.00157269	0.00063711	
00:31:56	-0.00763207	-0.00525734	-0.0076811	
00:32:26	-0.00756695	0.000299392	-0.0111183	
00:32:56	-0.00824433	-0.000700344	-0.00412386	
00:33:26	-0.00480593	0.000501768	-0.00825806	
00:33:56	-0.0152624	0.00414242	-0.00763429	
00:34:26	-0.0126964	-0.00352923	-0.00295041	
00:34:56	-0.00985861	0.00409518	0.00226662	
00:35:26	-0.00868435	-0.00303412	-0.00480528	
00:35:56	-0.00904304	0.00167926	-0.0111541	
00:36:26	-0.0120851	-8.44807e-05	-0.00872935	
00:36:56	-0.0101016	0.00242737	-0.0138006	
00:37:26	-0.00502974	2.90443e-05	0.004908	
00:37:56	-0.0119132	-0.000619638	-0.0108514	
00:38:26	0.00223382	0.0148593	0.000401419	
00:38:56	0.0518222	0.103787	0.0432537	
00:39:26	0.0827072	0.144726	0.0931159	
00:39:56	0.0266278	0.0591254	0.0347104	
00:40:26	-0.00312437	0.00583325	-0.00367028	
00:40:56	-0.00990144	0.00243892	-0.000110206	
00:41:26	-0.00775933	0.00248127	-0.00834121	
00:41:56	-0.0076916	-9.73483e-05	0.00747937	
00:42:26	-0.0097873	0.000825456	-0.00352641	
00:42:56	-0.00995215	-0.00335529	-0.00451706	
00:43:26	-0.0138463	0.00231202	-0.000141554	
00:43:56	-0.0077746	0.0015404	-0.000129629	
00:44:26	-0.00984058	-5.73118e-05	-0.00426521	
00:44:56	-0.010913	-0.00242148	0.0034441	
00:45:26	-0.0116662	8.21924e-05	0.00544495	
00:45:56	-0.0116018	-0.000398258	0.000800499	
00:46:26	-0.0116062	0.000619923	-0.0133239	
00:46:56	-0.00274169	-0.000736799	-0.00893662	
00:47:26	-0.00564338	0.000734229	0.00437511	
00:47:55	-0.0105729	0.000216356	-0.00664406	
00:48:26	-0.00668779	0.00147584	0.00987735	
00:48:56	-0.0046296	-0.000389365	-0.00445847	
00:49:26	-0.00855833	-0.000282418	-0.00109085	
00:49:56	-0.0117652	-0.00267064	-0.00364095	
00:50:26	-0.0103031	-0.00189291	-0.0216383	
00:50:56	-0.00772213	-0.000891298	-0.00880221	
00:51:26	-0.0141121	9.24102e-05	0.0107265	
00:51:56	-0.00736364	-0.00241421	-0.000772735	
00:52:26	-0.00698611	8.6447e-05	-0.0123995	
00:52:56	-0.00633106	0.00140499	0.00193838	
00:53:26	-0.0106935	-0.000386888	-0.00489708	
00:53:56	-0.0107128	-0.00125505	-0.00951551	
00:54:26	-0.00814448	-0.00333284	-0.0109653	
00:54:56	-0.0161094	0.00130626	0.00272636	
00:55:26	-0.0104741	0.00408599	-0.0103168	
00:55:56	0.00873222	0.037346	-0.00218907	
00:56:26	0.0701527	0.125427	0.0627295	
00:56:56	0.0568182	0.100613	0.0559292	
00:57:26	0.00881178	0.026093	0.0106434	
00:57:56	-0.00646817	0.00374023	0.00140927	
00:58:26	-0.000942352	0.00079201	-0.00104206	
00:58:56	-0.00827421	0.00146804	0.0079583	
00:59:26	-0.00903688	-3.21825e-05	0.00266579	
00:59:55	-0.00884393	-0.000134137	-0.0166369	
01:00:26	-0.0122609	-0.000793426	-0.0037218	
01:00:56	-0.0099292	0.0014163	0.00289818	
01:01:26	-0.00429516	-0.00334188	-0.0136293	
01:01:56	-0.0148361	-0.000832145	-0.013351	
01:02:26	-0.0114178	0.00239581	-0.00195226	
01:02:56	-0.00288792	0.0013125	0.00163781	
01:03:26	-0.0114543	-0.00119403	-0.0089319	
01:03:56	-0.0110621	-0.000973622	0.00276859	
01:04:26	-0.00425847	0.000485613	-0.00760785	
01:04:56	-0.00607491	-0.00199437	-0.00833783	
01:05:26	-0.0120206	-0.000656451	-0.00644428	
01:05:56	-0.0104313	0.00170158	0.00683369	
01:06:26	-0.0124073	-0.000902606	-0.0078718	
01:06:56	-0.0101819	-0.00198938	-0.00899712	
01:07:26	-0.00495642	-0.00138045	0.00188974	
01:07:56	-0.00887696	-0.000357887	-0.0016066	
01:08:26	-0.0111645	-0.00243799	0.000481369	
01:08:56	-0.0101592	-0.00136208	-0.00704071	
01:09:26	-0.0113357	-0.000953415	-0.00364613	
01:09:56	-0.0101884	-2.95975e-05	-0.00860233	
01:10:26	-0.00871241	-0.00208307	0.00753454	
01:10:56	-0.00601677	-8.32336e-06	0.00949174	
01:11:26	-0.0109412	0.00123406	-0.010783	
01:11:56	-0.00689429	-0.000237444	-0.00371025	
01:12:26	-0.0107794	0.00161921	-0.00838384	
01:12:56	0.0156241	0.0370196	0.0134655	
01:13:26	0.0647126	0.109552	0.0708229	
01:13:56	0.0532025	0.0834541	0.0604224	
01:14:26	0.00375095	0.0190681	-0.0108233	
01:14:56	-0.00865385	0.00286064	0.00487232	
01:15:26	-0.00680608	-0.00105869	0.00168016	
01:15:56	-0.00882976	-0.00347895	-0.000501263	
01:16:26	-0.00536057	-0.000830943	-0.00175806	
01:16:56	-0.00755252	-0.00121071	-0.0014455	
01:17:26	-0.00907837	-0.00116257	-0.00264663	
01:17:56	-0.00876668	-0.00303242	0.00204634	
01:18:26	-0.00159064	-0.00223769	0.00129528	
01:18:56	-0.0133443	-0.00300953	-0.000850244	
01:19:26	-0.00691676	-0.00387778	-0.00919521	
01:19:56	-0.00752643	-0.00124848	-0.0128274	
01:20:26	-0.00503174	1.8922e-05	-0.00238495	
01:20:57	-0.00771231	-0.00134313	-0.00145783	
01:21:26	-0.00138907	-0.00220733	-0.00237772	
01:21:56	-0.00315101	-0.000108268	-0.00369202	
01:22:26	-0.004729	-0.00140669	-0.00363493	
01:22:56	-0.00678851	-0.00307494	-0.00828055	
01:23:26	-0.0135266	-0.00433511	-0.0136014	
01:23:56	-0.00676317	-0.00393021	-0.0111786	
01:24:26	-0.00853386	-0.0104369	0.0169013	
01:24:56	-0.0132236	-0.00223388	-0.00224319	
01:25:26	-0.0140729	-0.00388547	-0.013305	
01:25:56	-0.0025233	-0.00415006	-0.0125888	
01:26:26	-0.00738209	-0.00229216	-0.00537643	
01:26:56	-0.00434867	-0.000850063	-0.0134903	
01:27:26	-0.00924512	-0.00342189	-0.00886062	
01:27:56	-0.00025845	-0.00356858	-0.0228273	
01:28:26	-0.00708209	-0.00475643	0.00118662	
01:28:56	-0.0105396	-0.00194156	-0.00548243	
01:29:25	-0.00719476	-0.00523625	-0.0114157	
01:29:56	0.00178933	0.0103737	-0.0126253	
01:30:26	0.0419151	0.069953	0.037952	
01:30:56	0.0644164	0.0948374	0.069148	
01:31:26	0.0177409	0.032421	0.00870804	
01:31:56	-0.00270473	0.000283496	0.00584044	
01:32:26	-0.00460926	0.000590666	-0.0181375	
01:32:56	-0.00708798	-0.00238235	0.00993496	
01:33:26	-0.00791552	-0.00229988	0.00613605	
01:33:56	-0.00303984	-0.00479765	-0.0163306	
01:34:26	-0.00487981	-0.00105785	-0.00365242	
01:34:56	-0.00456645	-0.00168816	-0.018664	
01:35:26	-0.00366717	-0.00323463	-0.0202717	
01:35:56	-0.00691507	-0.00132255	-0.00582385	
01:36:26	-0.00857977	-0.00184581	0.00339653	
01:36:56	-0.00679597	-0.0017882	0.001443	
01:37:26	-0.00832532	-0.00168294	-0.00871808	
01:37:56	-0.00918379	-0.00182975	-0.010057	
01:38:26	-0.00271891	-0.00211633	-0.00098802	
01:38:56	-0.00547744	-0.00203083	-0.0103886	
01:39:26	-0.0121286	-0.00113964	-0.00530669	
01:39:56	-0.00598471	-0.00227396	-0.00440006	
01:40:26	-0.00669852	-0.00186047	0.00371092	
01:40:56	-0.00320289	-0.00230352	-0.00588681	
01:41:26	-0.00680761	-0.00451446	-0.00434169	
01:41:56	-0.0149164	0.000818957	-0.0048819	
01:42:25	-0.00629555	-0.00117197	-0.000986054	
01:42:56	-0.011523	-0.00114254	-0.00759329	
01:43:26	-0.0109685	-0.0012772	-0.00616391	
01:43:56	-0.00882451	0.000866707	-0.00263253	
01:44:26	-0.00954952	0.00134375	-0.013024	
01:44:56	-0.0107644	-0.00254786	0.00391301	
01:45:26	-0.00555377	-0.00182443	-0.00379451	
01:45:56	-0.0106525	-0.00351498	0.00192442	
01:46:26	-0.0117143	0.000754552	0.00608644	
01:46:56	-0.00752294	0.00369207	0.000325555	
01:47:26	0.0207873	0.0322683	0.00799744	
01:47:57	0.0599852	0.0826437	0.0580591	
01:48:25	0.0324591	0.0488282	0.0332148	
01:48:56	-0.00126796	0.00557708	0.00335306	
01:49:26	-0.00702997	-0.00226454	0.000163765	
01:49:56	-0.0119192	-0.00350348	-0.003929	
01:50:26	-0.00256895	-0.00284025	-0.00757641	
01:50:56	-0.010004	0.0014286	-0.00520819	
01:51:26	-0.0077082	-0.00143581	-0.00906323	
01:51:56	-0.00577214	-0.00140733	-0.00513471	
01:52:26	-0.0102495	-0.00307869	-0.0120082	
01:52:56	-0.00532718	-0.00133613	-0.00400134	
01:53:26	-0.00940653	-0.000263932	-0.00841035	
01:53:56	-0.010284	-0.00209105	-0.00868891	
01:54:26	-0.00894219	-0.00184903	-0.0105303	
01:54:56	-0.00187949	-0.00307152	-0.0112655	
01:55:26	-0.00172903	0.00109656	0.00586343	
01:55:56	-0.00375476	-0.000900846	-0.00604821	
01:56:26	-0.00530044	-0.00110854	-0.00497505	
01:56:56	-0.00853346	-0.000580924	0.00235476	
01:57:26	-0.0066765	-0.000577699	-2.77617e-06	
01:57:56	-0.00789075	-0.00417815	-0.0030122	
01:58:26	-0.0139572	-0.00498143	-0.0111752	
01:58:56	-0.0129185	-0.000371932	-0.01681	
01:59:26	-0.0143721	-0.00192816	-0.000449418	
01:59:56	-0.00882356	-0.00435915	-0.0129116	
02:00:26	-0.0112796	-0.00118968	-0.00817613	
02:00:56	-0.0126935	-0.0021733	-0.0147075	
02:01:26	-0.0103456	-0.00176778	-0.0239137	
02:01:56	-0.0126374	-0.00232056	-0.00750673	
02:02:26	-0.0165117	-0.000498262	-0.00621048	
02:02:56	-0.0181083	-0.00189868	-0.00179108	
02:03:26	-0.013065	-0.00375524	-0.0179828	
02:03:56	-0.0107575	-0.0027185	-0.00136865	
02:04:26	0.00109611	0.0126004	-0.00018604	
02:04:56	0.0364891	0.0519126	0.0255529	
02:05:26	0.0365345	0.0507624	0.03863	
02:05:56	0.00679649	0.0123505	0.00375718	
02:06:26	-0.00771136	0.00127706	0.00658616	
02:06:56	-0.00767538	-0.00136168	-0.014195	
02:07:26	-0.0172259	-0.00544231	-0.00129062	
02:07:56	-0.0139234	-0.00361653	-0.00214611	
02:08:26	-0.016542	-0.00402284	0.000273795	
02:08:56	-0.00918353	-0.00144291	-0.00488439	
02:09:26	-0.0109968	-0.0034571	-0.00567011	
02:09:56	-0.0154875	-0.00283075	-0.00841324	
02:10:26	-0.017909	-0.000599853	-0.0161253	
02:10:56	-0.0177704	-0.000459555	-0.00219239	
02:11:26	-0.00826261	-0.00242509	-0.00529812	
02:11:56	-0.011135	-0.00216873	-0.0144554	
02:12:26	-0.0114993	0.00028531	-0.00235576	
02:12:56	-0.00926487	-0.0021205	-0.00945499	
02:13:26	-0.0139877	-0.00191914	-0.0137709	
02:13:56	-0.0122604	0.00111468	-0.0108638	
02:14:26	-0.0134844	-0.00366501	-0.00492758	
02:14:56	-0.0110738	0.00179075	-0.00874165	
02:15:26	-0.00692079	-0.000460145	-0.00453375	
02:15:56	-0.0123793	-0.00130695	-0.00631179	
02:16:26	-0.0144734	-0.000788532	-0.0145358	
02:16:56	-0.0118453	0.00013097	-0.00816915	
02:17:26	-0.0107463	-0.000730558	-0.00150692	
02:17:56	-0.0205864	-0.00265255	0.00481641	
02:18:26	-0.0137124	0.000359212	-0.0043067	
02:18:56	-0.00886728	-0.000997924	-0.00446795	
02:19:26	-0.0151124	-0.00135565	-0.0139655	
02:19:56	-0.0132436	-0.000111963	-0.0161418	
02:20:26	-0.0133115	-0.00407349	-0.00361523	
02:20:55	-0.00845165	-0.00209195	-0.00944241	
02:21:26	-0.0120497	-0.00028181	-0.00777482	
02:21:56	0.00117756	0.0132791	0.00207082	
02:22:27	0.0398011	0.0464771	0.0564125	
02:22:56	0.0265841	0.028444	0.0137573	
02:23:26	-0.0071782	0.00613462	-0.0166218	
02:23:56	-0.0123504	0.00110182	-0.0096476	
02:24:26	-0.0124061	-8.54498e-05	-0.0156717	
02:24:56	-0.00989974	0.000918727	-0.0100859	
02:25:26	-0.015103	0.000747391	-0.0125625	
02:25:56	-0.00991396	-0.000746014	-0.00487109	
02:26:26	-0.0122035	-0.000210739	-0.0118395	
02:26:56	-0.0113697	-0.00357277	-0.00762351	
02:27:26	-0.0109689	-0.000144745	-0.00717819	
02:27:56	-0.020226	5.21931e-05	-0.00561339	
02:28:26	-0.0151824	0.000768924	-0.0163498	
02:28:56	-0.0135404	-0.00186543	-0.00615017	
02:29:26	-0.0125143	-0.000328202	-0.0134786	
02:29:56	-0.0117998	-0.00189223	-0.000961606	
02:30:26	-0.00926165	5.75985e-05	-0.00889467	
02:30:56	-0.00966373	0.00265545	-0.0182102	
02:31:26	-0.0108614	0.000876602	-0.00882731	
02:31:56	-0.013124	-0.00375562	-0.0131542	
02:32:26	-0.0112699	-0.00175225	-0.00896143	
02:32:56	-0.0149529	-0.000792438	-0.0145133	
02:33:26	-0.0113838	0.00243839	-0.0143735	
02:33:55	-0.0171075	-0.0038556	-0.00827482	
02:34:26	-0.013772	-0.00271509	-0.00164575	
02:34:56	-0.0104185	-0.00285406	-0.00908437	
02:35:26	-0.0113702	-0.000991078	-0.00146959	
02:35:56	-0.00798933	-0.00252818	-0.00875555	
02:36:26	-0.0115592	0.000128019	-0.0165971	
02:36:56	-0.0147373	0.00187425	-0.014711	
02:37:26	-0.0159439	0.000156979	-0.0137379	
02:37:56	-0.0143254	-0.00142205	-0.00279867	
02:38:26	-0.01852	-0.00792047	-0.0112466	
02:38:56	-0.00808687	0.000535366	-0.0113472	
02:39:26	0.00394666	0.00689476	-0.00487799	
02:39:56	0.033044	0.0297843	0.0440735	
02:40:26	0.0156957	0.0131037	0.0157079	
02:40:56	-0.00815044	0.00163665	0.00770538	
02:41:26	-0.0096187	-0.00314693	-0.00104302	
02:41:56	-0.00830458	-0.00131058	-0.00866838	
02:42:26	-0.0141088	-0.00291796	-0.00483139	
02:42:56	-0.0128325	-0.00699497	-0.00660012	
02:43:26	-0.0100862	-0.00372635	-0.0113662	
02:43:56	-0.00866004	-0.00317973	-0.00717913	
02:44:26	-0.0109876	-0.00034648	0.000501159	
02:44:56	-0.0129643	-0.000362352	-0.0102563	
02:45:26	-0.00747098	0.000179966	-0.00389891	
02:45:56	-0.00654721	-7.81322e-05	-0.00475405	
02:46:26	-0.0167733	-0.00212009	-0.00642019	
02:46:56	-0.016595	0.000917686	-0.00950542	
02:47:26	-0.0133402	-0.00158425	-0.00685476	
02:47:56	-0.0129393	-0.00131059	-0.016789	
02:48:26	-0.00907357	-0.000999792	-0.00532458	
02:48:56	-0.00726172	0.00168214	0.00274971	
02:49:26	-0.0116071	0.000891231	-0.0111837	
02:49:56	-0.0129666	-0.00334471	-0.00413946	
02:50:26	-0.0100664	-0.00460732	-0.0108639	
02:50:56	-0.0031458	-5.30622e-05	-0.0139227	
02:51:26	-0.013817	0.00206089	-0.00500953	
02:51:56	-0.0115914	-0.00232169	-0.0207122	
02:52:26	-0.0144877	-1.67249e-05	-0.00553344	
02:52:56	-0.00711064	-0.00109578	0.0022154	
02:53:26	-0.00674447	-0.00418908	-0.0108528	
02:53:56	-0.00887223	-0.00176351	0.000420566	
02:54:26	-0.0103564	-0.00197135	-0.0123425	
02:54:56	-0.00930897	0.000651039	-0.0155259	
02:55:26	-0.0141988	0.000235159	-0.02251	
02:55:56	-0.00871609	-0.00312608	-0.0141864	
02:56:26	-0.00936093	0.0047536	-0.0178037	
02:56:56	0.0448152	0.108079	0.00489798	
02:57:26	0.172278	0.336609	0.0615394	
02:57:56	0.132016	0.238255	0.0366687	
02:58:26	0.0236379	0.0609924	-0.0125653	
02:58:56	-0.000828007	0.0111245	-0.0179068	
02:59:26	-0.0109589	0.00293864	-0.00625472	
02:59:55	-0.00585837	-0.00404268	-0.0102301	
03:00:26	-0.0166899	-0.0054888	-0.00265393	
03:00:56	-0.0137843	-0.00273576	-0.00834766	
03:01:26	-0.013555	-0.00292243	-0.022488	
03:01:56	-0.0166365	-0.00455946	-0.0192479	
03:02:26	-0.0205137	-0.0029634	-0.014412	
03:02:56	-0.0136254	-0.00562887	-0.0233221	
03:03:26	-0.0186701	-0.00226684	-0.0266114	
03:03:56	-0.00885224	-0.00273941	-0.0079784	
03:04:26	-0.00990679	-0.00206395	-0.0106025	
03:04:56	-0.01207	-0.00406177	-0.00586631	
03:05:26	-0.00534449	-0.00149987	-0.0158991	
03:05:56	-0.00834032	-0.000816793	-0.00702015	
03:06:26	-0.0113587	-0.00188346	-0.00514053	
03:06:56	-0.0103649	0.00171611	-0.0118734	
03:07:26	-0.0116435	-0.00286225	-0.0164256	
03:07:56	-0.0129452	-0.00104151	-0.0141741	
03:08:26	-0.00282521	0.000569508	-0.0163665	
03:08:56	-0.0108236	-0.00420165	-0.00860856	
03:09:26	-0.00830935	-0.00545444	-0.00652813	
03:09:56	-0.0135224	-0.0024043	-0.0167509	
03:10:26	-0.00548753	-0.00281619	-0.0116433	
03:10:56	-0.00957187	-0.000455795	-0.0223541	
03:11:26	-0.00556527	-0.00548002	-0.0218187	
03:11:56	-0.0148434	-0.00283432	-0.0164747	
03:12:26	-0.00927156	-0.00457656	-0.00433981	
03:12:56	-0.00777121	-0.00375396	-0.0162661	
03:13:26	-0.0192895	-0.000331378	-0.0146257	
03:13:56	0.00414753	0.0216795	-0.00535211	
03:14:26	0.0935209	0.188833	0.0235835	
03:14:56	0.162699	0.30919	0.0505364	
03:15:26	0.0779311	0.132329	0.0133052	
03:15:56	0.0028205	0.0226454	-0.0168037	
03:16:26	-0.00770245	0.00203859	-0.0129648	
03:16:56	-0.00743346	-0.00163434	-0.00418574	
03:17:26	-0.010792	-0.00132451	-0.00807427	
03:17:56	-0.0118148	-0.0033675	-0.0102443	
03:18:26	-0.0144856	-0.00580347	-0.00477069	
03:18:56	-0.0114358	-0.00197488	-0.0088736	
03:19:26	-0.00952998	-0.000501414	-0.0199428	
03:19:56	-0.00538242	0.00123555	-0.0114316	
03:20:26	-0.0138242	-0.00437422	-0.0193843	
03:20:56	-0.00691492	-0.00111695	-0.0182573	
03:21:26	-0.0102564	-0.0030953	-0.0303345	
03:21:56	-0.00761184	-0.000589402	-0.0196131	
03:22:26	-0.0153476	-0.00315385	-0.00938853	
03:22:56	-0.0114767	0.0030065	-0.0252071	
03:23:26	-0.0122262	-0.00225557	-0.0246651	
03:23:56	-0.015651	-0.0047366	-0.0185953	
03:24:26	-0.010925	-0.00251564	-0.0187971	
03:24:56	-0.00911686	-0.000784598	-0.0169866	
03:25:26	-0.00858072	-0.00450894	-0.0263211	
03:25:57	-0.0113871	-0.00673678	-0.0206166	
03:26:26	-0.0124472	-0.00322429	-0.00966998	
03:26:56	-0.00837513	-0.000769391	-0.0151185	
03:27:26	-0.014264	-0.00404701	-0.0110084	
03:27:56	-0.00919813	-0.00153938	-0.0267837	
03:28:26	-0.00927474	-0.00263641	-0.00852308	
03:28:55	-0.00988429	-0.00300574	-0.0176083	
03:29:26	-0.0108129	-0.0047934	-0.0137533	
03:29:56	-0.0114043	-0.00474635	-0.0168567	
03:30:26	-0.0116461	-5.9879e-05	-0.0189733	
03:30:56	-0.00841192	0.0122402	-0.0166582	
03:31:26	0.0628066	0.131645	0.0119065	
03:31:56	0.154085	0.281027	0.0570757	
03:32:26	0.0803912	0.139685	0.010003	
03:32:56	0.00704241	0.0266079	-0.0205667	
03:33:26	-0.0134488	-0.000555323	-0.0163408	
03:33:55	-0.0108738	-0.0023862	-0.0050281	
03:34:26	-0.00843844	-0.00109029	-0.0200654	
03:34:56	-0.0106169	-0.000902835	-0.0157107	
03:35:26	-0.00723919	-0.00147187	-0.0179541	
03:35:56	-0.00978237	-0.00184643	-0.025604	
03:36:26	-0.00502654	-0.00227957	-0.00509572	
03:36:56	-0.00854653	-0.000583758	-0.0182636	
03:37:27	-0.0129894	-0.0014459	-0.00231465	
03:37:56	-0.0107134	-0.00305267	-0.0125845	
03:38:26	-0.00700781	-0.00320564	-0.0127405	
03:38:56	-0.0100813	-3.28864e-06	-0.0154429	
03:39:26	-0.00740192	-0.00201394	-0.0194123	
03:39:56	-0.0031864	-9.92234e-05	-0.0125753	
03:40:26	-0.0145514	-0.00276113	-0.0199377	
03:40:56	-0.0087298	0.00102006	-0.0145905	
03:41:26	-0.0116302	-0.000831057	-0.0133505	
03:41:56	-0.00875154	-0.00411921	-0.0252643	
03:42:26	-0.0101832	-0.0039303	-0.00741672	
03:42:56	-0.0100202	-0.00128788	-0.00872725	
03:43:26	-0.00419084	-0.000501267	-0.011994	
03:43:56	-0.00772303	-0.00195433	-0.0198161	
03:44:26	-0.00298478	0.00138428	-0.011344	
03:44:55	-0.0100284	-0.00379927	-0.0281782	
03:45:26	-0.0100851	-0.0038428	-0.00972903	
03:45:56	-0.00738839	-0.00272217	-0.011574	
03:46:26	-0.0132114	-0.0015341	-0.0137488	
03:46:56	-0.00658762	-0.00135076	-0.0284201	
03:47:26	-0.00648265	-0.0020916	-0.00704681	
03:47:56	0.000455232	0.0129125	-0.008939	
03:48:26	0.0723551	0.128666	0.0127891	
03:48:56	0.142215	0.240706	0.0479408	
03:49:26	0.066313	0.108181	-0.0125838	
03:49:56	-0.000805328	0.0153448	-0.0139229	
03:50:26	-0.00374306	0.00193009	-0.0135926	
03:50:56	-0.00933185	-0.00248206	-0.0182619	
03:51:26	-0.00502067	0.000112096	-0.0146084	
03:51:56	-0.0171796	-0.00436408	-0.0156932	
03:52:26	-0.00880133	-0.000358114	-0.0241025	
03:52:56	-0.0150243	-0.000798015	-0.010335	
03:53:26	-0.0112456	-0.00389753	-0.0307	
03:53:56	-0.0146163	-0.00177804	-0.0140612	
03:54:26	-0.0103733	-0.00426273	-0.0215941	
03:54:56	-0.0126495	-0.0070014	-0.0223092	
03:55:26	-0.0124814	-0.00366986	-0.0125688	
03:55:56	-0.0171997	-0.00103993	-0.0229257	
03:56:26	-0.00991157	-0.00199839	-0.0127552	
03:56:56	-0.0165424	-0.00296841	-0.0110293	
03:57:26	-0.0161453	-0.000648752	-0.012095	
03:57:56	-0.0138315	-0.00351953	-0.0257994	
03:58:26	-0.0129388	-0.00535113	-0.0222452	
03:58:56	-0.0100879	-0.000829581	-0.0110661	
03:59:26	-0.0134508	-0.00476228	-0.0237346	
03:59:56	-0.00953226	0.000598789	-0.0226414	
04:00:26	-0.0108737	-0.00196837	-0.00866882	
04:00:56	-0.0183144	-0.00610154	-0.0201881	
04:01:26	-0.0136435	-0.00272628	-0.0168256	
04:01:56	-0.0105545	-0.00426165	-0.013134	
04:02:26	-0.0187955	-0.00705848	-0.0178693	
04:02:56	-0.0166379	-0.00247132	-0.0229049	
04:03:26	-0.0148055	0.000868663	-0.0177248	
04:03:57	-0.010983	-0.00237102	-0.0155465	
04:04:26	-0.00988215	-0.00176174	-0.0198905	
04:04:56	-0.00695748	0.00654658	-0.018281	
04:05:26	0.0545487	0.0940229	0.00765804	
04:05:56	0.124784	0.20443	0.0528106	
04:06:26	0.0630845	0.103146	0.0134841	
04:06:56	0.00592556	0.01658	-0.00681436	
04:07:26	-0.0102039	-0.00106193	-0.0192911	
04:07:56	-0.0119454	-0.000744977	-0.0162442	
04:08:27	-0.00911921	-0.00111631	-0.0220856	
04:08:56	-0.0153925	-0.00612251	-0.0112335	
04:09:26	-0.00919044	-0.000835194	-0.0218478	
04:09:56	-0.0102478	-0.00233686	-0.0231252	
04:10:26	-0.017388	-0.00704033	-0.0203634	
04:10:56	-0.0203879	-0.00796863	-0.0239409	
04:11:26	-0.018784	-0.00253609	-0.0333741	
04:11:56	-0.0171004	-0.00459299	-0.00225169	
04:12:26	-0.0116559	-0.00507726	-0.0126434	
04:12:56	-0.00838789	-0.00199383	-0.0232623	
04:13:26	-0.0112978	-0.00307907	-0.00602808	
04:13:56	-0.00556627	0.0009835	-0.0142117	
04:14:26	-0.00309788	-0.00441779	-0.0111521	
04:14:56	-0.0124991	-0.00290429	-0.0127426	
04:15:26	-0.00720673	-0.00241929	-0.00438728	
04:15:56	-0.00787682	0.000790105	-0.0179581	
04:16:27	-0.012335	-0.0022067	-0.0216005	
04:16:56	-0.0112903	-0.00239639	-0.0166867	
04:17:26	-0.0130274	-0.00416932	-0.019655	
04:17:55	-0.00956243	-0.00454728	-0.0342085	
04:18:26	-0.00497799	-0.00588173	-0.0217017	
04:18:56	-0.0091623	-0.00378797	-0.0197744	
04:19:26	-0.00857134	0.000828737	-0.0219214	
04:19:56	-0.0107529	-0.00261904	-0.0257151	
04:20:26	-0.0141843	-0.00706633	-0.0208995	
04:20:56	-0.00933004	-0.00814238	-0.0184998	
04:21:26	-0.0151808	-0.00254222	-0.0272392	
04:21:56	0.0105393	0.0219008	-0.0273253	
04:22:26	0.0828926	0.13139	0.0158739	
04:22:56	0.105639	0.147906	0.0307251	
04:23:26	0.029764	0.0427154	-0.0092932	
04:23:56	-0.00539171	0.00516281	-0.0214067	
04:24:26	-0.00730452	-0.00229371	-0.0269169	
04:24:55	-0.00422919	-0.00147155	-0.0144609	
04:25:26	-0.00193642	-0.00139432	-0.0388265	
04:25:56	-0.00917073	-0.00309487	-0.0165362	
04:26:26	-0.0044573	-0.00380076	-0.0296815	
04:26:56	-0.00504192	3.40677e-05	-0.027536	
04:27:26	-0.0129727	-0.0017863	-0.0254546	
04:27:56	-0.0163581	-0.00673614	-0.0237535	
04:28:26	-0.00745262	-0.00217714	-0.0159083	
04:28:56	-0.0130537	-0.00239155	-0.0300778	
04:29:26	-0.0109095	-0.00285852	-0.0325601	
04:29:56	-0.00880994	-0.00681544	-0.0180963	
04:30:26	-0.0110891	-0.00267103	-0.0192574	
04:30:56	-0.00515706	-0.00283136	-0.00774232	
04:31:26	-0.0120508	-0.00524981	-0.021495	
04:31:56	-0.0131373	-0.00116701	-0.0205895	
04:32:26	-0.00313971	-0.00349591	-0.0270112	
04:32:56	-0.00887661	-0.00136202	-0.0183817	
04:33:26	-0.0162252	-0.00861067	-0.0146985	
04:33:56	-0.00488323	-0.000354476	-0.0196184	
04:34:26	-0.0107296	-0.00719825	-0.0203675	
04:34:56	-0.00854031	-0.000906179	-0.0287131	
04:35:26	-0.0089611	-0.00385517	-0.0208314	
04:35:55	-0.0101583	-0.00254309	-0.0133246	
04:36:26	-0.0118821	-0.00303286	-0.0153495	
04:36:56	-0.0170867	-0.0013365	-0.0178049	
04:37:26	-0.0108877	-0.00374627	-0.00569044	
04:37:56	-0.0148902	-0.00434567	-0.0184603	
04:38:26	-0.00997876	-0.000259008	-0.0126256	
04:38:56	0.0097011	0.0231551	-0.0184974	
04:39:26	0.0896052	0.113546	0.0351366	
04:39:56	0.0884394	0.100188	0.0287784	
04:40:26	0.028285	0.0257889	-0.0169043	
04:40:56	-0.00762102	0.00193647	-0.00125233	
04:41:26	-0.003542	-0.00336516	-0.00517435	
04:41:56	-0.00400397	-0.00248334	-0.0137036	
04:42:25	-0.0107757	-0.005378	-0.0169938	
04:42:56	-0.0113832	-0.00304747	-0.0100401	
04:43:26	-0.00681548	-0.00326784	-0.0144532	
04:43:56	-0.00358086	-0.00337554	-0.0120539	
04:44:26	-0.00690383	-0.00247267	-0.0175794	
04:44:56	-0.00835244	-0.00268192	-0.00824177	
04:45:26	-0.00422838	-0.000557884	-0.0242083	
04:45:56	-0.0104987	-0.00321341	-0.00489931	
04:46:26	-0.00758143	-0.00455425	-0.00730876	
04:46:56	-0.00369362	-0.0051203	-0.0128918	
04:47:26	-0.0122445	-0.000711039	-0.0206153	
04:47:56	-0.011255	-0.00349206	-0.0118847	
04:48:26	-0.00134193	-0.00665074	-0.00399044	
04:48:56	-0.00372588	-0.00285471	-0.0139282	
04:49:26	-0.00524255	-0.00579789	-0.0126876	
04:49:56	-0.0114056	-0.00461809	-0.0328055	
04:50:26	-0.0133232	-0.0045565	-0.0193137	
04:50:56	-0.00904305	-0.000210289	-0.0259065	
04:51:26	-0.0127882	-0.00441483	-0.0158437	
04:51:56	-0.0136811	-0.00231482	-0.0212996	
04:52:25	-0.0131123	-0.00211645	-0.0115411	
04:52:56	-0.0112962	-0.00658137	-0.0179427	
04:53:26	-0.0180159	-0.00779919	-0.0164218	
04:53:56	-0.00476005	-0.00216636	-0.0202552	
04:54:26	-0.0041446	-0.00205851	-0.0176466	
04:54:56	-0.0113658	-0.00249959	-0.0181727	
04:55:26	-0.0115147	-0.00489433	-0.0229762	
04:55:56	0.00948654	0.0166009	-0.0262539	
04:56:26	0.0722497	0.0792425	0.0148592	
04:56:56	0.0713007	0.0715178	0.00921321	
04:57:26	0.0195098	0.0180686	-2.00187e-05	
04:57:56	-0.00366286	-8.35875e-05	-0.0309228	
04:58:26	-0.0133577	-0.00501711	-0.0264874	
04:58:56	-0.00309229	-0.00138887	-0.0248372	
04:59:26	-0.0138217	-0.00499086	-0.0146814	
04:59:56	-0.00953498	-0.00371431	-0.0192717	
05:00:26	-0.00853601	-0.00383468	-0.00821225	
05:00:56	-0.0110177	-0.0061872	-0.016494	
05:01:26	-0.0110122	-0.00239614	-0.0149445	
05:01:56	-0.0142847	-0.00335376	-0.0147994	
05:02:26	-0.00676044	-0.00183767	-0.0252101	
05:02:56	-0.00997875	-0.0053788	-0.0154506	
05:03:26	-0.0129584	-0.00459174	-0.00762691	
05:03:56	-0.0131392	-0.00129926	-0.0189424	
05:04:26	-0.00816128	-0.00131758	-0.0118338	
05:04:56	-0.00765157	-0.00357708	-0.0176279	
05:05:26	-0.00952389	-0.00426052	-0.0252985	
05:05:56	-0.0104088	-0.00410208	-0.0203532	
05:06:26	-0.00891454	-0.00501036	-0.0309389	
05:06:56	-0.0146529	-0.00567886	-0.0282972	
05:07:26	-0.0105773	0.000163979	-0.0335939	
05:07:56	-0.015242	-0.00514128	-0.0218581	
05:08:26	-0.011752	0.0021837	-0.0230485	
05:08:56	-0.0150649	-0.00585929	-0.0184879	
05:09:26	-0.0123393	-0.00616486	-0.0153848	
05:09:56	-0.0142455	-0.00391709	-0.0112152	
05:10:26	-0.0125978	-0.00432597	-0.0218815	
05:10:56	-0.010595	-0.00888064	-0.00848973	
05:11:26	-0.0118551	-0.000847586	-0.0256642	
05:11:56	-0.0114618	-0.00718784	-0.0132645	
05:12:26	-0.00403678	-0.0036868	-0.0157889	
05:12:56	0.0128588	0.0116575	-0.0156625	
05:13:26	0.0576884	0.0510492	0.0214482	
05:13:56	0.0602992	0.044593	0.0257006	
05:14:26	0.0196128	0.00893296	0.00537088	
05:14:56	-0.00454115	-0.000471062	-0.0154124	
05:15:26	-0.00624729	-0.00375716	-0.0118506	
05:15:56	-0.00620261	-0.00717071	-0.0156547	
05:16:26	-0.0135775	-0.00300772	-0.00610148	
05:16:56	-0.0118133	-0.000797077	-0.0234594	
05:17:26	-0.00915917	-0.00807763	-0.00807911	
05:17:56	-0.0066647	-0.00347333	-0.0214965	
05:18:26	-0.0132089	-0.0028602	-0.00865628	
05:18:56	-0.00824668	-0.0016672	-0.0148419	
05:19:26	-0.00794294	-0.00246286	-0.0152026	
05:19:56	-0.00960962	-0.00341743	-0.0191381	
05:20:26	-0.00618163	-0.00250787	-0.0107689	
05:20:56	-0.0107484	-0.00678107	-0.0224804	
05:21:26	-0.00693826	-0.00411904	-0.0171882	
05:21:56	-0.00815661	-0.00538887	-0.0174377	
05:22:26	-0.00583082	-0.00324643	-0.0151787	
05:22:56	-0.011164	-0.00233334	-0.0240409	
05:23:26	-0.00739723	-0.0040998	-0.0147718	
05:23:56	-0.0046214	-0.00131013	-0.00778425	
05:24:26	-0.00937329	-0.00164504	-0.0136979	
05:24:56	-0.0110459	-0.00514982	-0.00965616	
05:25:26	-0.00589152	-0.00252124	-0.0076125	
05:25:56	-0.0101103	-0.0068969	-0.0190318	
05:26:26	-0.0157902	-0.00137348	-0.00914323	
05:26:56	-0.0174969	-0.00203153	-0.00748565	
05:27:26	-0.00962473	-0.00690372	-0.0166862	
05:27:56	-0.011174	-0.00570828	-0.00679204	
05:28:26	-0.00890224	-0.00198946	-0.0140099	
05:28:56	-0.00128334	-0.00404721	-0.00767592	
05:29:26	-0.00930867	-0.00170434	-0.0228146	
05:29:56	0.0290613	0.060056	-0.0125042	
05:30:26	0.232607	0.459981	0.00389716	
05:30:56	0.362086	0.669634	0.0301795	
05:31:26	0.153674	0.27683	0.0023724	
05:31:56	0.0215296	0.053198	-0.00996555	
05:32:26	0.00890926	0.0133182	-0.0152985	
05:32:56	-0.00637281	0.00313869	-0.0218458	
05:33:26	-0.00629989	0.0021599	-0.0119015	
05:33:56	-0.00240215	-0.000825109	-0.0111156	
05:34:26	-0.00986664	-0.00263641	-0.0132729	
05:34:56	-0.0109867	-0.00384073	-0.00703961	
05:35:26	-0.00875815	-0.000371109	-0.0123401	
05:35:56	-0.00884412	-0.000757505	-0.0175867	
05:36:26	-0.00798641	0.001187	-0.0197104	
05:36:56	-0.00588726	-0.00283565	-0.00223607	
05:37:26	-0.0121202	0.000552012	-0.0138574	
05:37:56	-0.00930797	-0.00257343	-0.0154554	
05:38:26	-0.00325013	-0.00365448	-0.00904344	
05:38:56	-0.00597338	-0.0028135	-0.0197519	
05:39:26	-0.0128095	-0.00240582	-0.0169979	
05:39:56	-0.00716975	-0.00113186	-0.0218513	
05:40:26	-0.0149033	-0.00423086	-0.016909	
05:40:56	-0.0103704	-0.00506343	-0.0213723	
05:41:26	-0.00918004	0.000673851	-0.0134877	
05:41:55	-0.00636173	-0.00469189	-0.0199861	
05:42:26	-0.00615585	-0.000397492	-0.00587562	
05:42:56	-0.00905118	-0.00198967	-0.0136196	
05:43:26	-0.0132495	-0.00428997	-0.0126931	
05:43:56	-0.0101053	-0.000620995	-0.00687511	
05:44:26	-0.007223	-0.00405353	-0.0253782	
05:44:56	-0.00979381	-0.00141426	-0.00650378	
05:45:26	-0.00900232	-0.00376773	-0.0166104	
05:45:56	-0.0153612	-0.00804691	-0.0181988	
05:46:26	-0.00818691	-0.00385441	-0.00547197	
05:46:56	-0.00270726	0.0189726	-0.0153266	
05:47:26	0.138205	0.264272	-0.00561985	
05:47:56	0.335649	0.624742	0.0326284	
05:48:26	0.207913	0.365351	0.000315658	
05:48:56	0.0440581	0.0857348	-0.0168314	
05:49:26	0.00066699	0.0160331	-0.0116766	
05:49:56	0.00105542	0.00529849	-0.00193787	
05:50:26	-0.00802758	0.00277073	-0.0219958	
05:50:56	-0.00726086	0.00147118	-0.0188207	
05:51:26	-0.0115089	-0.00107003	-0.0117071	
05:51:56	-0.0044488	4.75796e-05	0.00146593	
05:52:26	-0.0114315	-0.000575809	-0.00150992	
05:52:56	-0.00693305	-0.000710285	-0.00160107	
05:53:26	-0.0109251	-0.00358438	-0.00745939	
05:53:56	-0.00538369	-0.00419501	-0.016085	
05:54:26	-0.00350144	-0.00297719	-0.0199844	
05:54:56	-0.00956995	0.000248556	-0.00689808	
05:55:26	-0.011249	-0.000675046	-0.00335073	
05:55:56	-0.00886165	-0.00015675	-0.005852	
05:56:25	-0.0113974	-0.00445546	-0.00305507	
05:56:56	-0.00468386	-0.000296211	-0.0189867	
05:57:26	-0.00802596	-0.00117649	-0.00401068	
05:57:56	-0.00893252	-0.00371292	-0.00317325	
05:58:26	-0.0105997	0.00171227	-0.017428	
05:58:56	-0.013761	-0.00285781	-0.01781	
05:59:26	-0.00551928	-0.00251483	-0.0136381	
05:59:56	-0.0156067	0.00217671	-0.00111407	
06:00:26	-0.0078336	-0.00192396	-0.0110583	
06:00:56	-0.0135097	-0.00149579	-0.0154559	
06:01:26	-0.00256232	-0.00239366	-0.00706238	
06:01:56	-0.010867	-0.0012024	-0.0100926	
06:02:26	-0.00961318	-0.000806258	-0.00477592	
06:02:56	-0.0141269	-0.00281706	-0.00803429	
06:03:26	-0.00667557	-0.00276315	-0.00257648	
06:03:56	0.0066722	0.0137756	-0.00712051	
06:04:26	0.107578	0.208012	-0.000152922	
06:04:56	0.308218	0.548413	0.0218031	
06:05:26	0.209457	0.349432	0.0170689	
06:05:56	0.0456888	0.0822437	-0.0103747	
06:06:26	-0.0012076	0.01358	-0.0169894	
06:06:56	-0.00489223	0.000904584	-0.0166729	
06:07:26	-0.00802566	-2.84794e-05	-0.00767462	
06:07:56	-0.014896	0.000656294	-0.00406439	
06:08:26	-0.00345146	-0.00190851	-0.00242362	
06:08:56	-0.0141494	-0.00383531	-0.0265014	
06:09:26	-0.00662397	0.00433537	-0.0149546	
06:09:56	-0.00580531	0.00238123	-0.00767147	
06:10:26	-0.00447142	0.000508172	-0.0182148	
06:10:56	0.00126888	0.000238979	-0.00968329	
06:11:26	-0.00212412	-0.00122584	-0.00679818	
06:11:56	-0.00782078	-0.000891332	-0.00328313	
06:12:26	-0.00633808	0.000683393	4.60851e-06	
06:12:56	-0.00500895	-0.0028465	-0.0130658	
06:13:26	-0.0143098	-0.00013782	-0.0106461	
06:13:56	-0.00632847	-0.00146955	-0.0143741	
06:14:26	-0.00129574	-0.00197153	-0.00639279	
06:14:56	-0.00546803	-0.00441544	-0.00887281	
06:15:26	-0.00461578	-0.00164718	-0.0113816	
06:15:56	-0.00474174	0.00171716	-0.00993682	
06:16:26	-0.00461586	-0.00345236	-0.00235995	
06:16:56	-0.000581455	-0.00112016	0.000187318	
06:17:26	-0.00733948	-0.00453519	-0.00997215	
06:17:56	-0.00394438	0.000162185	-0.00830179	
06:18:26	0.00231438	-0.000471889	-0.0157315	
06:18:56	-0.00202685	-0.00238731	-0.00507089	
06:19:26	-0.0039082	-0.00118704	-0.00916624	
06:19:56	-0.00780576	-0.00304582	-0.00743342	
06:20:26	-0.00265895	-0.000113163	-0.00401755	
06:20:56	0.00598643	0.0063515	-0.0039952	
06:21:26	0.0920318	0.161932	-0.00229373	
06:21:56	0.273489	0.465297	0.0250215	
06:22:26	0.198862	0.311255	0.0126939	
06:22:56	0.0527213	0.0752432	-0.00797978	
06:23:26	0.000710798	0.00774018	-0.0080879	
06:23:56	-0.000771395	0.000659284	9.00485e-05	
06:24:26	-0.01323	0.000338492	-0.000194324	
06:24:56	-0.00208912	-0.000496111	-0.00207095	
06:25:26	-0.0057436	-0.000483195	-0.00147696	
06:25:56	-0.0131532	-0.00420692	-0.00670244	
06:26:26	-0.00667035	-0.00768329	-0.0112649	
06:26:56	-0.00149441	-0.00256449	-0.00807653	
06:27:26	-0.00546612	-0.00390814	-0.00506393	
06:27:56	-0.00812138	-0.00552243	-0.0137931	
06:28:26	-0.010352	-0.00502135	-0.00444713	
06:28:56	-0.0049473	-0.0046262	-0.00620585	
06:29:26	-0.0106859	-0.00644073	0.00429086	
06:29:56	-0.00821766	-0.00397515	0.00346193	
06:30:26	-0.00710235	-0.00388997	-0.0181405	
06:30:56	-0.00807549	0.000974372	-0.0202795	
06:31:26	-0.0107368	-0.00302933	0.0047471	
06:31:56	-0.00802867	-0.000593182	-0.010346	
06:32:26	-0.00510835	-0.00255131	-0.0137851	
06:32:56	-0.00509986	0.00181648	-0.00557711	
06:33:25	-0.0119268	-0.00456415	-0.0136256	
06:33:56	-0.00297874	-0.00378275	-0.00486607	
06:34:26	-0.00657354	-0.00473677	0.00277843	
06:34:56	-0.00918486	-0.00607178	-0.012803	
06:35:26	-0.00995999	-0.00453585	-0.0120131	
06:35:56	-0.00519495	-0.00866947	-0.0128074	
06:36:26	-0.00468736	-0.00922068	0.00155272	
06:36:56	-0.00916557	-0.0043763	-0.0205321	
06:37:26	-0.0114174	-0.00548647	-0.0200566	
06:37:56	0.00483024	0.00582258	-0.011388	
06:38:26	0.0594347	0.104766	-0.00222081	
06:38:56	0.240273	0.380026	0.0134021	
06:39:26	0.201918	0.294751	0.0196672	
06:39:56	0.0626993	0.0763889	0.00687339	
06:40:26	0.00819611	0.00880182	-0.00771977	
06:40:56	0.00589487	-0.00343473	-0.00807939	
06:41:26	-0.00605991	-0.00709242	-0.0195085	
06:41:56	-0.0034552	-0.00561404	-0.0172769	
06:42:26	-0.0119207	-0.00624814	-0.00603264	
06:42:56	-0.00759856	-0.00353979	-0.0138701	
06:43:26	-0.000643739	-0.00609346	-0.00898231	
06:43:56	-0.0129905	-0.00448265	-0.0110613	
06:44:26	-0.00879721	-0.00440977	-0.00792975	
06:44:56	-0.00432034	-0.00322547	-0.0132182	
06:45:26	-0.00491119	-0.00728888	-0.000501041	
06:45:56	-0.00873657	-0.00908216	-0.00984736	
06:46:26	-0.00682488	-0.00267091	-0.0106166	
06:46:56	-0.00568404	-0.00487022	-0.00625888	
06:47:26	-0.0114484	-0.00584778	-0.00949503	
06:47:56	-0.00648781	-0.00419847	-0.00521414	
06:48:26	-0.00304616	-0.00670641	0.00389323	
06:48:56	-0.00442505	-0.00492646	-0.0027399	
06:49:26	-0.00294192	-0.00568915	0.00170482	
06:49:56	-0.0110727	-0.00465011	-0.015356	
06:50:26	-0.00349698	-0.00230976	-0.0130677	
06:50:56	-0.00374571	0.00254181	-0.00622395	
06:51:26	-0.00564914	-0.00480619	-0.0194468	
06:51:56	-0.0060807	-0.00689868	-0.0177736	
06:52:26	-0.0105747	-0.00460029	-0.0165714	
06:52:56	-0.0125358	-0.00430698	-0.0102324	
06:53:26	0.000275462	-0.00196669	0.00188348	
06:53:56	-0.0115212	-0.00789596	-0.00776279	
06:54:26	-0.00661435	-0.0045296	-0.00482041	
06:54:56	-0.00620687	-0.0038955	-0.00437592	
06:55:26	0.0464567	0.0609721	0.00221363	
06:55:56	0.200403	0.284326	0.0225726	
06:56:26	0.203133	0.26272	0.0176436	
06:56:56	0.0685024	0.0740155	-0.00605767	
06:57:26	0.0147637	0.0128719	-0.00320194	
06:57:56	-0.00115949	-0.0015316	-0.00195483	
06:58:26	-0.0032738	-0.0040801	-0.00486982	
06:58:56	-0.0073768	-0.0075626	-0.0149769	
06:59:26	-0.00639646	-0.00657618	-0.00635183	
06:59:56	-0.00194878	-0.00554322	-0.00777126	
07:00:26	-0.00134793	-0.00252934	-0.00760461	
07:00:56	0.00147588	-0.00671139	-0.00518205	
07:01:26	-0.00054912	-0.00536707	0.000595053	
07:01:56	-0.00336086	-0.00387994	0.00165029	
07:02:26	-0.00142079	-0.00617788	-0.00848915	
07:02:56	0.00317024	-0.0042716	0.00302063	
07:03:26	-0.00521627	-0.00247326	-0.00522732	
07:03:56	-0.00105357	-0.00485945	0.000743563	
07:04:26	-0.00223501	-0.00804662	0.00921161	
07:04:56	0.00181705	-0.0032825	-0.000816956	
07:05:26	-0.00315659	-0.00986236	-0.00830311	
07:05:56	-0.000105835	-0.00277294	-0.00924151	
07:06:26	-0.00880368	-0.00352284	-0.00290627	
07:06:56	-0.00202673	-0.00453777	-0.00583587	
07:07:26	-0.00775728	-0.00546106	-0.00762937	
07:07:56	-0.00234762	-0.0061138	-0.00536494	
07:08:26	-0.0028229	-0.00476837	0.0063276	
07:08:56	-0.00475292	-0.0045419	0.00842802	
07:09:26	-0.00329436	-0.00492338	0.000683049	
07:09:56	-0.00265501	-0.00629955	-0.0107599	
07:10:26	-0.00697135	-0.00508041	0.000360281	
07:10:56	-0.00150368	-0.00681846	-0.0124528	
07:11:26	-0.0030732	-0.00432683	-0.0149553	
07:11:56	-0.0105305	-0.00505252	-0.005835	
07:12:26	0.0181224	0.0220256	-0.00433901	
07:12:56	0.144919	0.172187	0.00790788	
07:13:26	0.209362	0.238028	0.024608	
07:13:56	0.089792	0.090146	0.000415821	
07:14:26	0.0193753	0.0142372	-0.00175076	
07:14:56	0.00950841	-0.00150405	0.00334483	
07:15:26	0.00235619	-0.00471669	0.00831052	
07:15:56	-0.000798376	-0.00647721	0.00291587	
07:16:26	0.000687679	-0.00375047	0.00851427	
07:16:56	-0.00435616	-0.0105729	0.00139388	
07:17:26	0.00320676	-0.00422656	-0.00634658	
07:17:56	-0.00350111	-0.00325722	0.00245629	
07:18:26	-0.000284671	-0.00648033	-0.00753166	
07:18:56	0.00038234	-0.00324073	0.00621643	
07:19:26	0.00418795	-0.00325165	0.00169048	
07:19:56	0.00181326	-0.00673551	-0.00379158	
07:20:26	0.00125223	-0.00221909	0.0110225	
07:20:56	-0.002434	-0.00362494	0.00651473	
07:21:26	-0.00170723	-0.00704854	0.0140628	
07:21:56	0.00183851	-0.00302229	0.00132083	
07:22:26	0.000475503	-0.00729873	-0.0007123	
07:22:56	-0.00471218	-0.00613499	0.00183861	
07:23:26	0.00139672	-0.00416072	0.00919714	
07:23:56	-0.00075382	-0.00435805	0.00053623	
07:24:26	0.00352453	-0.00120988	0.00124081	
07:24:56	-0.00318691	-0.00685528	0.00223658	
07:25:26	-0.000545474	-0.00823732	-0.00767736	
07:25:56	0.00285757	-0.00661616	0.00939455	
07:26:26	-0.00246479	-0.00752131	0.0173251	
07:26:56	0.00119245	-0.00538539	0.00173878	
07:27:26	0.00464526	-0.00361205	0.00738829	
07:27:56	-0.00139014	-0.00779403	-0.00247112	
07:28:26	-0.00335346	-0.00857197	0.0136588	
07:28:56	0.00574935	-0.00499999	0.00515458	
07:29:26	0.0181178	0.0113183	0.0036692	
07:29:56	0.130863	0.12215	0.030992	
07:30:26	0.180102	0.165895	0.0310706	
07:30:56	0.071562	0.0579432	0.00924088	
07:31:26	0.0152215	0.00655095	0.00472355	
07:31:56	0.0045607	-0.00438271	0.00430799	
07:32:26	-0.00126892	-0.00319302	0.0200524	
07:32:56	-0.000494169	-0.00845005	-0.00122043	
07:33:26	-0.00475608	-0.00639421	0.00677084	
07:33:57	0.00405952	-0.00697992	0.00915982	
07:34:26	0.00317541	-0.00703051	-0.00588829	
07:34:56	0.0086518	-0.00486137	-0.00692862	
07:35:26	0.00147301	-0.00605028	0.000328599	
07:35:56	0.00196329	-0.00796632	0.00263606	
07:36:26	0.00505891	-0.00771678	0.00898609	
07:36:56	0.0017708	-0.00724199	-0.000576179	
07:37:26	0.00494909	-0.00567372	0.00023456	
07:37:56	0.00407436	-0.00578903	0.00109962	
07:38:26	0.000319243	-0.00541673	-0.000521473	
07:38:56	0.00317511	-0.0050723	0.00771532	
